4968 1817022
1822470 1956388
3779338 2054902
5834720 2032647
7867847 2177335
10045662 1815851
11861993 1989653
13852126 1837792
15690398 689099
16379977 884566
17265023 1280402
18545905 1537905
20084290 2324399
22409169 1964078
24373727 2001245
26375452 1970589
28346521 2117371
30464372 1848222
32313074 1941670
34255224 1888907
36144611 1898187
38043278 1872514
39916272 2406793
42323545 1876172
44200197 2257785
46458462 2053210
48512152 1803881
50316513 2342011
52659004 574683
53234167 967997
54202644 2040004
56243128 1957378
58200986 1815239
60016705 2359307
62376492 2081927
64458899 1721005
66180384 1796308
67977172 2108510
70086162 2243472
72330114 2464689
74795283 1748580
76544343 1976914
78521737 855503
79377720 1616254
80994454 1690908
82685842 2198369
84884691 1394717
86279888 1839460
88119828 2116896
90237204 1755427
91993111 1864894
93858485 1738487
95597452 2185830
97783762 2075587
99859829 2032905
101893214 1819002
103712696 2297744
106010920 1508840
107520240 2207347
109728067 2455877
112184424 1872204
114057108 1855959
115913547 1665692
117579719 2444610
120024809 1992474
122017763 2009450
124027693 1978975
126007148 2077444
128085072 1854255
129939807 2059294
131999581 1911839
133911900 2187240
136099620 1489506
137589606 1764679
139354765 1829760
141185005 1922696
143108181 2547145
145655806 1872266
147528552 1424953
148953985 1893643
150848108 2301581
153150169 2034844
155185493 2210876
157396849 1497013
158894342 2487420
161382242 976169
162358891 1871500
164230871 1801702
166033053 2615330
168648863 1508922
170158265 2233703
172392448 2097098
174490026 1856089
176346595 2241981
178589056 1886419
180475955 897994
181374429 2559794
183934703 1865008
185800191 1992354
187793025 1652389
189445894 2364606
191810980 1972601
193784061 1620664
195405205 2148163
197553848 1989007
199543335 1952713
201496528 2585185
204082193 1627471
205710144 1938570
207649194 2124543
209774217 1618222
211392919 1575223
212968622 1925415
214894517 2243112
217138109 1726224
218864813 1409688
220274981 2361885
222637346 1969883
224607709 2165474
226773663 2038811
228812954 1448708
230262142 2413591
232676213 2135589
234812282 1969979
236782741 2156106
238939327 1598669
240538476 2321374
242860330 1770971
244631781 1820371
246452632 2250403
248703515 2060981
250764976 1903148
252668604 1616938
254286022 2240407
256526909 1783258
258310647 2135447
260446574 2346395
262793449 1970486
264764415 1711470
266476365 2145719
268622564 2021466
270644510 2051781
272696771 1556894
274254145 1321460
275576085 1639541
277216106 1666497
278883083 2260565
281144128 2338657
283483265 1612639
285096384 1875010
286971874 2046564
289018918 2125306
291144704 1815524
292960708 1320806
294281994 1605010
295887484 1961358
297849322 2207174
300056976 2338930
302396386 1778011
304174877 1942760
306118117 2533954
308652551 1456073
310109104 2095965
312205549 2144414
314350443 2050113
316401036 1984739
318386255 1642595
320029330 2317510
322347320 1832232
324180032 1132770
325313282 1846787
327160549 2075741
329236770 2030879
331268129 2085139
333353748 2037687
335391915 2283198
337675593 1981549
339657622 1998783
341656885 1645020
343302385 2079825
345382690 2226942
347610112 1513389
349123981 2278648
351403109 2076342
353479931 2145873
355626284 1851362
357478126 1569059
359047665 1701940
360750085 1873237
362623802 1899622
364523904 2359658
366884042 1907043
368791565 2235561
371027606 1451791
372479877 2088292
374568649 1877093
376446222 1829059
378275761 2178403
380454644 1830618
382285742 2458840
384745062 1897703
386643245 1751347
388395072 2093355
390488907 1774631
392264018 2116602
394381100 1966138
396347718 2040198
398388396 2178159
400567035 1707712
402275227 1592741
403868448 2143198
406012126 2550743
408563349 1478114
410041943 2718122
412760545 1353586
414114611 1825387
415940478 2830937
418771895 1525625
420298000 1918331
422216811 1695647
423912938 1113768
425027186 2572125
427599791 2040989
429641260 1438390
431080130 1646059
432726669 1982422
434709571 2605498
437315549 1313538
438629567 2159483
440789530 2531316
443321326 1174700
444496506 2459006
446955992 1952679
448909151 2134806
451044437 2048165
453093082 1933541
455027103 1341579
456369162 2153072
458522714 1911354
460434548 2243358
462678386 2367289
465046155 1488244
466534879 1892926
468428285 2088700
470517465 1825753
472343698 1929992
474274170 1832073
476106723 1975213
478082416 2256840
480339736 2041585
482381801 2037486
484419767 2002911
486423158 2011364
488435002 1926251
490361733 2071951
492434164 2041492
494476136 1984798
496461414 1979156
498441050 2022555
500464085 1970814
502435379 2021279
504457138 1993554
506451172 2031726
508483378 2018886
510502744 1852683
512355907 2033638
514390025 1892326
516282831 1918085
518201396 2004138
520206014 2033384
522239878 2257135
524497493 1865950
526363923 2076471
528440874 1911842
530353196 2065437
532419113 1780875
534200468 2144129
536345077 2128250
538473807 1896926
540371213 1966212
542337905 2049711
544388096 2038542
546427118 2219326
548646924 1885520
550532924 2253780
552787184 1295482
554083146 2166573
556250199 1992697
558243376 2261122
560504978 1585160
562090618 842322
562933420 2382396
565316296 2181674
567498450 1635140
569134070 2114898
571249448 2069638
573319566 2176161
