4968 406247
411695 266043
678218 278476
957174 262772
1220426 324032
1544938 322897
1868315 228556
2097351 230381
2328212 102733
2431425 100461
2532366 155962
2688808 276157
2965445 438149
3404074 343130
3747684 345443
4093607 300491
4394578 288913
4683971 163557
4848008 158164
5006652 154574
5161706 146873
5309059 149482
5459021 237175
5696676 286254
5983410 345444
6329334 235138
6564952 249611
6815043 333011
7148534 107716
7256730 111504
7368714 167652
7536846 242885
7780211 232018
8012709 316048
8329237 296988
8626705 221649
8848834 252233
9101547 388863
9490890 435061
9926431 399593
10326504 218176
10545160 168017
10713657 90728
10804865 148407
10953752 175406
11129638 221761
11351879 113126
11465485 161623
11627588 185668
11813736 294267
12108483 413752
12522715 387018
12910213 184855
13095548 190623
13286651 184743
13471874 201686
13674040 401954
14076474 332024
14408978 346118
14755576 291793
15047849 245991
15294320 264478
15559278 185201
15744959 297734
16043173 203676
16247329 221816
16469625 241739
16711844 282928
16995252 251822
17247554 286493
17534527 254529
17789536 310276
18100292 180307
18281079 265136
18546695 280758
18827933 216882
19045295 295988
19341763 195976
19538219 176222
19714921 214854
19930255 311740
20242475 298700
20541655 247748
20789883 150945
20941308 280967
21222755 94240
21317475 134962
21452917 216499
21669896 441714
22112090 265940
22378510 387582
22766572 331458
23098510 273904
23372894 275290
23648664 234614
23883758 118542
24002780 370599
24373859 276193
24650532 186333
24837345 197069
25034894 235835
25271209 159669
25431358 183095
25614933 258159
25873572 346721
26220773 355116
26576369 375228
26952077 177659
27130216 205854
27336550 218560
27555590 191633
27747703 312812
28060995 360988
28422463 289848
28712791 273197
28986468 172259
29159207 266505
29426192 148482
29575154 161222
29736856 166045
29903381 192890
30096751 480676
30577907 358750
30937137 276592
31214209 262874
31477563 177860
31655903 322523
31978906 228843
32208229 185735
32394444 335279
32730203 265581
32996264 201852
33198596 185372
33384448 218859
33603787 253430
33857697 333626
34191803 309737
34502020 237839
34740339 219197
34960016 282890
35243386 229609
35473475 186139
35660094 225620
35886194 198361
36085035 220987
36306502 208017
36514999 349314
36864793 312113
37177386 210565
37388431 129306
37518217 343988
37862685 377574
38240739 345708
38586927 198385
38785792 230823
39017095 240618
39258193 261324
39519997 286356
39806833 226642
40033955 235671
40270106 323570
40594156 188218
40782854 244344
41027678 289503
41317661 235143
41553284 233701
41787465 180233
41968178 225282
42193940 208614
42403034 186150
42589664 242749
42832893 362818
43196191 322915
43519586 273176
43793242 270814
44064536 292091
44357107 248018
44605605 263169
44869254 219636
45089370 255570
45345420 264351
45610251 165759
45776490 302124
46079094 265969
46345543 234216
46580239 247988
46828707 167682
46996869 169718
47167067 170045
47337592 198221
47536293 216659
47753432 83878
47837790 130203
47968473 88397
48057350 130920
48188750 203846
48393076 234504
48628060 244954
48873494 151436
49025410 308705
49334595 157619
49492694 203070
49696244 367940
50064664 317928
50383072 279828
50663380 320214
50984074 238577
51223131 316354
51539965 251106
51791551 217428
52009459 401860
52411799 350007
52762286 219093
52981859 339934
53322273 172827
53495580 216305
53712365 401761
54114606 183475
54298561 237996
54537037 134079
54671596 93830
54765906 507493
55273879 267953
55542312 113175
55655967 114383
55770830 188822
55960132 200469
56161081 80760
56242321 217833
56460634 233126
56694240 91297
56786017 417836
57204333 432412
57637225 418825
58056530 291677
58348687 204857
58554024 130898
58685402 232848
58918730 157078
59076288 227641
59304409 163570
59468459 119662
59588601 151842
59740923 188953
59930356 169715
60100551 272632
60373663 187088
60561231 207797
60769508 237089
61007077 272796
61280353 329439
61610272 356403
61967155 359846
62327481 379262
62707223 336064
63043767 280893
63325140 256558
63582178 253968
63836626 251815
64088921 248609
64338010 251126
64589616 264749
64854845 247151
65102476 252552
65355508 237560
65593548 253180
65847208 237896
66085584 243987
66330051 241639
66572170 238389
66811039 288408
67099927 240087
67340494 269005
67609979 255696
67866155 237505
68104140 239317
68343937 277272
68621689 261053
68883222 256321
69140023 222985
69363488 264453
69628421 255625
69884526 206072
70091078 166748
70258306 194564
70453350 138794
70592624 167505
70760609 156111
70917200 179926
71097606 165859
71263945 51021
71315446 166735
71482661 134364
71617505 90431
71708416 183137
71892033 213332
72105845 204816
