0
1
1 1986618469
297
1 0.000000 1.958333
0 2.000000 3.958333
0 4.000000 5.958333
0 6.000000 7.958333
0 8.000000 9.958333
0 10.000000 11.958333
0 12.000000 13.958333
0 14.000000 15.958333
0 16.000000 17.958333
0 18.000000 19.958333
0 20.000000 21.958333
0 22.000000 23.958333
0 24.000000 25.958333
0 26.000000 27.958333
0 28.000000 29.958333
0 30.000000 31.958333
0 32.000000 33.958333
0 34.000000 35.958333
0 36.000000 37.958333
0 38.000000 39.958333
0 40.000000 41.958333
0 42.000000 43.958333
0 44.000000 45.958333
0 46.000000 47.958333
0 48.000000 49.958333
0 50.000000 51.958333
0 52.000000 53.958333
0 54.000000 55.958333
0 56.000000 57.958333
0 58.000000 59.958333
0 60.000000 61.958333
0 62.000000 63.958333
0 64.000000 65.958333
0 66.000000 67.958333
0 68.000000 69.958333
0 70.000000 71.958333
0 72.000000 73.958333
0 74.000000 75.958333
0 76.000000 77.958333
0 78.000000 79.958333
0 80.000000 81.958333
0 82.000000 83.958333
0 84.000000 85.958333
0 86.000000 87.958333
0 88.000000 89.958333
0 90.000000 91.958333
0 92.000000 93.958333
0 94.000000 95.958333
0 96.000000 97.958333
0 98.000000 99.958333
0 100.000000 101.958333
0 102.000000 103.958333
0 104.000000 105.958333
0 106.000000 107.958333
0 108.000000 109.958333
0 110.000000 111.958333
0 112.000000 113.958333
0 114.000000 115.958333
0 116.000000 117.958333
0 118.000000 119.958333
0 120.000000 121.958333
0 122.000000 123.958333
0 124.000000 125.958333
0 126.000000 127.958333
0 128.000000 129.958333
0 130.000000 131.958333
0 132.000000 133.958333
0 134.000000 135.958333
0 136.000000 137.958333
0 138.000000 139.958333
0 140.000000 141.958333
0 142.000000 143.958333
0 144.000000 145.958333
0 146.000000 147.958333
0 148.000000 149.958333
0 150.000000 151.958333
0 152.000000 153.958333
0 154.000000 155.958333
0 156.000000 157.958333
0 158.000000 159.958333
0 160.000000 161.958333
0 162.000000 163.958333
0 164.000000 165.958333
0 166.000000 167.958333
0 168.000000 169.958333
0 170.000000 171.958333
0 172.000000 173.958333
0 174.000000 175.958333
0 176.000000 177.958333
0 178.000000 179.958333
0 180.000000 181.958333
0 182.000000 183.958333
0 184.000000 185.958333
0 186.000000 187.958333
0 188.000000 189.958333
0 190.000000 191.958333
0 192.000000 193.958333
0 194.000000 195.958333
0 196.000000 197.958333
0 198.000000 199.958333
0 200.000000 201.958333
0 202.000000 203.958333
0 204.000000 205.958333
0 206.000000 207.958333
0 208.000000 209.958333
0 210.000000 211.958333
0 212.000000 213.958333
0 214.000000 215.958333
0 216.000000 217.958333
0 218.000000 219.958333
0 220.000000 221.958333
0 222.000000 223.958333
0 224.000000 225.958333
0 226.000000 227.958333
0 228.000000 229.958333
0 230.000000 231.958333
0 232.000000 233.958333
0 234.000000 235.958333
0 236.000000 237.958333
0 238.000000 239.958333
0 240.000000 241.958333
0 242.000000 243.958333
0 244.000000 245.958333
0 246.000000 247.958333
0 248.000000 249.958333
0 250.000000 251.958333
0 252.000000 253.958333
0 254.000000 255.958333
0 256.000000 257.958333
0 258.000000 259.958333
0 260.000000 261.958333
0 262.000000 263.958333
0 264.000000 265.958333
0 266.000000 267.958333
0 268.000000 269.958333
0 270.000000 271.958333
0 272.000000 273.958333
0 274.000000 275.958333
0 276.000000 277.958333
0 278.000000 279.958333
0 280.000000 281.958333
0 282.000000 283.958333
0 284.000000 285.958333
0 286.000000 287.958333
0 288.000000 289.958333
0 290.000000 291.958333
0 292.000000 293.958333
0 294.000000 295.958333
0 296.000000 297.958333
0 298.000000 299.958333
0 300.000000 301.958333
0 302.000000 303.958333
0 304.000000 305.958333
0 306.000000 307.958333
0 308.000000 309.958333
0 310.000000 311.958333
0 312.000000 313.958333
0 314.000000 315.958333
0 316.000000 317.958333
0 318.000000 319.958333
0 320.000000 321.958333
0 322.000000 323.958333
0 324.000000 325.958333
0 326.000000 327.958333
0 328.000000 329.958333
0 330.000000 331.958333
0 332.000000 333.958333
0 334.000000 335.958333
0 336.000000 337.958333
0 338.000000 339.958333
0 340.000000 341.958333
0 342.000000 343.958333
0 344.000000 345.958333
0 346.000000 347.958333
0 348.000000 349.958333
0 350.000000 351.958333
0 352.000000 353.958333
0 354.000000 355.958333
0 356.000000 357.958333
0 358.000000 359.958333
0 360.000000 361.958333
0 362.000000 363.958333
0 364.000000 365.958333
0 366.000000 367.958333
0 368.000000 369.958333
0 370.000000 371.958333
0 372.000000 373.958333
0 374.000000 375.958333
0 376.000000 377.958333
0 378.000000 379.958333
0 380.000000 381.958333
0 382.000000 383.958333
0 384.000000 385.958333
0 386.000000 387.958333
0 388.000000 389.958333
0 390.000000 391.958333
0 392.000000 393.958333
0 394.000000 395.958333
0 396.000000 397.958333
0 398.000000 399.958333
0 400.000000 401.958333
0 402.000000 403.958333
0 404.000000 405.958333
0 406.000000 407.958333
0 408.000000 409.958333
0 410.000000 411.958333
0 412.000000 413.958333
0 414.000000 415.958333
0 416.000000 417.958333
0 418.000000 419.958333
0 420.000000 421.958333
0 422.000000 423.958333
0 424.000000 425.958333
0 426.000000 427.958333
0 428.000000 429.958333
0 430.000000 431.958333
0 432.000000 433.958333
0 434.000000 435.958333
0 436.000000 437.958333
0 438.000000 439.958333
0 440.000000 441.958333
0 442.000000 443.958333
0 444.000000 445.958333
0 446.000000 447.958333
0 448.000000 449.958333
0 450.000000 451.958333
0 452.000000 453.958333
0 454.000000 455.958333
0 456.000000 457.958333
0 458.000000 459.958333
0 460.000000 461.958333
0 462.000000 463.958333
0 464.000000 465.958333
0 466.000000 467.958333
0 468.000000 469.958333
0 470.000000 471.958333
0 472.000000 473.958333
0 474.000000 475.958333
0 476.000000 477.958333
0 478.000000 479.958333
0 480.000000 481.958333
0 482.000000 483.958333
0 484.000000 485.958333
0 486.000000 487.958333
0 488.000000 489.958333
0 490.000000 491.958333
0 492.000000 493.958333
0 494.000000 495.958333
0 496.000000 497.958333
0 498.000000 499.958333
0 500.000000 501.958333
0 502.000000 503.958333
0 504.000000 505.958333
0 506.000000 507.958333
0 508.000000 509.958333
0 510.000000 511.958333
0 512.000000 513.958333
0 514.000000 515.958333
0 516.000000 517.958333
0 518.000000 519.958333
0 520.000000 521.958333
0 522.000000 523.958333
0 524.000000 525.958333
0 526.000000 527.958333
0 528.000000 529.958333
0 530.000000 531.958333
0 532.000000 533.958333
0 534.000000 535.958333
0 536.000000 537.958333
0 538.000000 539.958333
0 540.000000 541.958333
0 542.000000 543.958333
0 544.000000 545.958333
0 546.000000 547.958333
0 548.000000 549.958333
0 550.000000 551.958333
0 552.000000 553.958333
0 554.000000 555.958333
0 556.000000 557.958333
0 558.000000 559.958333
0 560.000000 561.958333
0 562.000000 563.958333
0 564.000000 565.958333
0 566.000000 567.958333
0 568.000000 569.958333
0 570.000000 571.958333
0 572.000000 573.958333
0 574.000000 575.958333
0 576.000000 577.958333
0 578.000000 579.958333
0 580.000000 581.958333
0 582.000000 583.958333
0 584.000000 585.958333
0 586.000000 587.958333
0 588.000000 589.958333
0 590.000000 591.958333
0 592.000000 593.958333
