4968 715467
720915 574246
1295641 570481
1866602 521022
2388104 553780
2942364 498301
3441145 442679
3884304 435904
4320688 191428
4512596 202041
4715117 303979
5019576 550217
5570273 769057
6339810 534836
6875126 519655
7395261 509071
7904812 542974
8448266 365561
8814307 356675
9171462 347725
9519667 340851
9860998 360316
10221794 604823
10827097 658835
11486412 716291
12203183 538303
12741966 484002
13226448 631422
13858350 204523
14063353 225424
14289257 387573
14677310 533978
15211768 487590
15699838 700169
16400487 614060
17015027 448390
17463897 497086
17961463 514651
18476594 623978
19101052 651738
19753270 421668
20175418 394711
20570609 197369
20768458 331586
21100524 403367
21504371 569589
22074440 245825
22320745 356706
22677931 422420
23100831 609456
23710767 723991
24435238 605107
25040825 435259
25476564 470256
25947300 456116
26403896 472077
26876453 648419
27525352 431021
27956853 513788
28471121 546777
29018378 499514
29518372 500109
30018961 417433
30436874 593129
31030483 465255
31496218 530442
32027140 483856
32511476 518251
33030207 476561
33507248 512197
34019925 472283
34492688 581703
35074871 385461
35460812 521916
35983208 541756
36525444 425752
36951676 605333
37557489 452156
38010125 351787
38362392 458168
38821040 682914
39504434 549621
40054535 515177
40570192 375229
40945901 656300
41602681 201188
41804349 348390
42153219 541561
42695260 877306
43573046 424506
43998032 567796
44566308 506432
45073220 500593
45574293 535727
46110500 510144
46621124 231299
46852903 724173
47577556 522143
48100179 451422
48552081 442195
48994756 555400
49550636 409237
49960353 405291
50366124 579250
50945854 587956
51534290 509319
52044089 662696
52707265 387141
53094886 486246
53581612 511668
54093760 423772
54518012 588090
55106582 574762
55681824 510606
56192910 520862
56714252 347832
57062564 584771
57647815 346697
57994992 416758
58412230 443903
58856613 418095
59275188 837812
60113480 556401
60670361 500970
61171811 526257
61698548 388007
62087035 638814
62726329 449009
63175818 416959
63593257 663754
64257491 499626
64757597 416447
65174524 398162
65573166 530996
66104642 460155
66565277 580946
67146703 572092
67719275 502019
68221774 420351
68642605 558406
69201491 493266
69695237 496381
70192098 502116
70694694 371592
71066766 432212
71499458 405893
71905831 722717
72629028 596862
73226370 436526
73663376 301359
73965215 708967
74674662 579857
75254999 574659
75830138 372065
76202683 484918
76688081 477887
77166448 521736
77688664 571963
78261107 452942
78714529 485073
79200082 625980
79826542 378309
80205331 505628
80711439 565354
81277273 487594
81765347 468222
82234049 362769
82597298 503155
83100933 417926
83519339 399100
83918919 605295
84524694 648062
85173236 517004
85690720 506114
86197314 527709
86725503 581020
87307003 489891
87797374 541601
88339455 418181
88758116 501630
89260226 567640
89828346 361421
90190247 570960
90761687 509788
91271955 511597
91784032 510715
92295227 357453
92653160 368916
93022556 403481
93426517 411521
93838518 451596
94290594 215425
94506499 291970
94798949 198038
94997467 322280
95320227 464590
95785297 546701
96332478 619505
96952463 378909
97331852 710190
98042522 369995
98412997 453896
98867373 736600
99604453 629226
100234159 592404
100827043 489266
101316789 488573
101805842 585727
102392049 448495
102841024 310417
103151921 589684
103742085 643435
104386000 428802
104815282 669514
105485276 336611
105822367 429351
106252198 798669
107051347 362514
107414341 450343
107865164 259344
108124988 189978
108315446 1015334
109331260 566786
109898526 224335
110123341 235889
110359710 388872
110749062 493055
111242597 209251
111452328 517730
111970538 615291
112586309 258810
112845599 838650
113684729 642652
114327861 579762
114908103 513681
115422264 490906
115913650 316690
116230820 506352
116737652 376614
117114746 589302
117704528 441721
118146729 269009
118416218 441349
118858047 466048
119324575 366503
119691558 689341
120381379 481442
120863301 561506
121425287 644436
122070203 539890
122610573 537115
123148168 507342
123655990 505544
124162014 495522
124658016 511196
125169692 520039
125690211 494125
126184816 497163
126682459 502764
127185703 495798
127681981 516373
128198834 503895
128703209 499015
129202704 500164
129703348 471310
130175138 506709
130682327 473094
131155901 483330
131639711 485705
132125896 487342
132613718 587594
133201792 471807
133674079 542397
134216956 499375
134716811 483032
135200323 474378
135675181 533651
136209312 517713
136727505 515627
137243612 463605
137707697 542347
138250524 501440
138752444 532854
139285778 463419
139749677 529521
140279678 310950
140591108 396393
140987981 368141
141356602 425829
141782911 413050
142196441 107135
142304056 386011
142690547 320000
143011027 222796
143234303 465223
143700006 551402
144251888 515335
