4968 1122337
1127785 1052711
2180976 1055274
3236730 1063058
4300268 1079621
5380369 1005130
6385979 865497
7251956 893204
8145640 364699
8510819 420238
8931537 616993
9549010 912275
10461765 1256824
11719069 1023995
12743544 1004288
13748312 1002640
14751432 1034994
15786906 839113
16626499 834454
17461433 819559
18281472 832627
19114579 902863
20017922 1343388
21361790 1081391
22443661 1127826
23571967 1033400
24605847 953425
25559752 1211072
26771304 355286
27127070 460742
27588292 915899
28504671 1208326
29713477 1013198
30727155 1218617
31946252 1091909
33038641 855709
33894830 938380
34833690 945672
35779842 1185829
36966151 1264272
38230903 860040
39091423 933724
40025627 399755
40425862 712822
41139164 844336
41983980 1226308
43210768 537801
43749049 814709
44564238 993503
45558221 1022323
46581024 1198283
47779787 894743
48675010 991416
49666906 999721
50667107 1014451
51682038 951873
52634391 1170619
53805490 837274
54643244 1058607
55702331 1163038
56865849 992244
57858573 946708
58805761 841228
59647469 1173529
60821478 965921
61787879 1021320
62809679 978734
63788893 1037450
64826823 934088
65761391 1023798
66785669 958845
67744994 1154588
68900062 746733
69647275 913735
70561490 1045941
71607911 973767
72582158 1293422
73876060 978231
74854771 647885
75503136 924435
76428051 1289032
77717563 1082755
78800798 1081587
79882865 762705
80646050 1284308
81930838 437533
82368851 798664
83167995 1033896
84202371 1505015
85707866 814398
86522744 1121536
87644760 1041578
88686818 981971
89669269 1085609
90755358 999676
91755514 408493
92164487 1493150
93658117 1024319
94682916 980365
95663761 850005
96514246 1144500
97659226 1003521
98663227 759878
99423585 1178539
100602604 1024863
101627947 963095
102591522 1309178
103901180 812517
104714177 961909
105676566 1048251
106725297 810803
107536580 945748
108482808 1234732
109718020 1003056
110721556 955922
111677958 643196
112321634 1166694
113488808 878465
114367753 1157322
115525555 1073452
116599487 674516
117274483 1349674
118624637 1048649
119673766 983369
120657615 1073112
121731207 794014
122525701 1183527
123709708 876253
124586441 882407
125469328 1250857
126720665 1031757
127752902 893122
128646504 809418
129456402 1093374
130550256 893834
131444570 1105338
132550388 1177028
133727896 1010207
134738583 816941
135556004 1103801
136660285 1006233
137666998 1048990
138716468 936325
139653273 649484
140303237 787345
141091062 815423
141906965 1385478
143292923 1213152
144506555 867049
145374084 829708
146204272 1181625
147386377 1133066
148519923 1074552
149594955 713012
150308447 897283
151206210 969356
152176046 1126630
153303156 1190835
154494471 896685
155391636 984212
156376328 1272236
157649044 728300
158377824 1031847
159410151 1096737
160507368 1012075
161519923 979933
162500336 753816
163254632 1199153
164454265 859357
165314102 663887
165978469 1034822
167013771 1090889
168105140 991796
169097416 1004876
170102772 1044184
171147436 1161940
172309856 981924
173292260 1093004
174385744 833489
175219713 978162
176198355 1173432
177372267 735200
178107947 1079455
179187882 1030010
180218372 1069334
181288186 1005649
182294315 767826
183062621 797442
183860543 954283
184815306 864236
185680022 939083
186619585 603651
187223716 755579
187979775 537420
188517675 880609
189398764 1038685
190437929 1044266
191482675 1325884
192809039 869535
193679054 1279501
194959035 931722
195891237 878438
196770155 1036529
197807164 957769
198765413 1107185
199873078 984516
200858074 1002988
201861542 1112604
202974626 887766
203862872 588714
204452066 1229210
205681756 1345593
207027829 826362
207854671 1345335
209200486 675545
209876511 858684
210735675 1535670
212271825 730211
213002516 862949
213865945 593986
214460411 448288
214909179 1551776
216461435 1150969
217612884 501084
218114448 588475
218703403 894502
219598385 1472827
221071692 577608
221649780 1178507
222828767 1296334
224125581 639735
224765796 1153551
225919827 1071248
226991555 1096529
228088564 1020624
229109668 977675
230087823 651641
230739944 1032467
231772891 871182
232644553 1245138
233890171 1023755
234914406 573010
235487896 1033513
236521889 1077272
237599641 799088
238399209 1161013
239560702 1045103
240606285 994296
241601061 1093023
242694564 1011688
243706732 1024406
244731618 1002521
245734619 1011795
246746894 974120
247721494 1024840
248746814 1031383
249778677 992817
250771974 990064
251762518 1010377
252773375 986840
253760695 1019569
254780744 1001339
255782563 1012164
256795207 1000430
257796117 935048
258731645 1010524
259742649 950787
260693916 952542
261646938 955099
262602517 1035415
263638412 1169340
264808232 936167
265744879 1064394
266809753 964971
267775204 1023487
268799171 911767
269711418 1050153
270762051 1050112
271812643 1037817
272850940 955644
273807064 1060832
274868376 980370
275849226 1066677
276916383 930171
277847034 1140301
278987815 629060
279617355 923195
280541030 906138
281447648 1034026
282482154 784151
283266785 271922
283539187 963381
284503048 839021
285342549 664640
286007669 1263834
287271983 1161901
288434364 1125815
