4768 8075
13123 7811
21214 7887
29381 7806
37467 7850
45597 7845
53722 7829
61831 7855
69966 7862
78108 7854
86242 7882
94404 7869
102553 7829
110662 7839
118781 7894
126955 7816
135051 7856
143187 7896
151363 7799
159442 7823
167545 7893
175718 7852
183850 7865
191995 7823
200098 7899
208277 7858
216415 7809
224504 7812
232596 7882
240758 7812
248850 7921
257051 7821
265152 7837
273269 7905
281454 7762
289496 7876
297652 7875
305807 7817
313904 7811
321995 7828
330103 7898
338281 7867
346428 7945
354653 7747
362680 7838
370798 7871
378949 7836
387065 7905
395250 7834
403364 7828
411472 7894
419646 7879
427805 7764
435849 7897
444026 7814
452120 7910
460310 7819
468409 7841
476530 7880
484690 7803
492773 7909
500962 7831
509073 7848
517201 7820
525301 7957
533538 7826
541644 7755
549679 7891
557850 7867
565997 7826
574103 7907
582290 7798
590368 7875
598523 7822
606625 7876
614781 7854
622915 7844
631039 7854
639173 7855
647308 7817
655405 7892
663577 7820
671677 7819
679776 7902
687958 7848
696086 7854
704220 7834
712334 7799
720413 7938
728631 7831
736742 7810
744832 7890
753002 7835
761117 7853
769250 7889
777419 7800
785499 7828
793607 7892
801779 7779
809838 7927
818045 7791
826116 7874
834270 7881
842431 7916
850627 7819
858726 7865
866871 7813
874964 7849
883093 7817
891190 7939
899409 7766
907455 7881
915616 7861
923757 7917
931954 7733
939967 7840
948087 7866
956233 7887
964400 7859
972539 7836
980655 7785
988720 7865
996865 7888
1005033 7840
1013153 7787
1021220 7877
1029377 7903
1037560 7848
1045688 7876
1053844 7837
1061961 7818
1070059 7865
1078204 7829
1086313 7832
1094425 7848
1102553 7840
1110673 7914
1118867 7830
1126977 7907
1135164 7769
1143213 7879
1151372 7846
1159498 7841
1167619 7848
1175747 7878
1183905 7863
1192048 7845
1200173 7791
1208244 7874
1216398 7881
1224559 7856
1232695 7727
1240702 7939
1248921 7869
1257070 7886
1265236 7852
1273368 7848
1281496 7719
1289495 7863
1297638 7982
1305900 7802
1313982 7843
1322105 7870
1330255 7892
1338427 7789
1346496 7860
1354636 7864
1362780 7864
1370924 7829
1379033 7926
1387239 7739
1395258 7895
1403433 7807
1411520 7851
1419651 7914
1427845 7872
1435997 7747
1444024 7886
1452190 7865
1460335 7858
1468473 7878
1476631 7789
1484700 7923
1492903 7897
1501080 7813
1509173 7839
1517292 7822
1525394 7839
1533513 7843
1541636 7913
1549829 7888
1557997 7881
1566158 7753
1574191 7793
1582264 7930
1590474 7828
1598582 7814
1606676 7893
1614849 7860
1622989 7804
1631073 7847
1639200 7846
1647326 7814
1655420 7866
1663566 7866
1671712 7856
1679848 7787
1687915 7932
1696127 7830
1704237 7818
1712335 7842
1720457 7765
1728502 7909
1736691 7847
1744818 7928
1753026 7872
1761178 7795
1769253 7864
1777397 7919
1785596 7797
1793673 7878
1801831 7811
1809922 7859
1818061 7840
1826181 7838
1834299 7814
1842393 7898
1850571 7975
1858826 7763
1866869 7890
1875039 7848
1883167 7821
1891268 7837
1899385 7825
1907490 7844
1915614 7914
1923808 7827
1931915 7864
1940059 7813
1948152 7824
1956256 7903
1964439 7831
1972550 7852
1980682 7874
1988836 7821
1996937 7862
2005079 7868
2013227 7884
2021391 7835
2029506 7826
2037612 7869
2045761 7828
2053869 7892
2062041 7796
2070117 7914
2078311 7821
2086412 7900
2094592 7813
2102685 7790
2110755 7872
2118907 7848
2127035 7835
2135150 7857
2143287 7871
2151438 7830
2159548 7878
2167706 7849
2175835 7814
2183929 7799
2192008 7900
2200188 7853
2208321 7896
2216497 7814
2224591 7909
2232780 7837
2240897 7870
2249047 7873
2257200 7842
2265322 7919
2273521 7826
2281627 7833
2289740 7841
2297861 7788
2305929 7848
2314057 7845
2322182 7827
2330289 7853
2338422 7856
2346558 7864
2354702 7897
2362879 7871
2371030 7771
2379081 7800
2387161 7812
2395253 7948
2403481 7802
2411563 7931
2419774 7839
2427893 7828
2436001 7880
2444161 7841
2452282 7866
2460508 5606
