888 275
1335 275
1782 275
2229 275
2676 275
3123 275
3590 985
4759 721
5664 630
6486 878
7556 911
8639 291
9110 625
9907 334
10413 334
10931 619
11722 285
12179 285
12636 285
13093 285
13550 285
14007 285
14464 285
14921 285
15378 285
15835 285
16292 285
16749 285
17206 285
17675 560
18407 275
18854 275
19313 582
20067 307
20546 283
21001 283
21456 283
21911 283
22366 283
22821 283
23276 283
23731 283
24186 283
24641 283
25096 283
25551 283
26006 283
26473 544
27201 567
27960 878
29030 893
30095 333
30600 296
31080 581
31833 285
32302 549
33043 799
34026 511
34729 783
35696 544
36420 570
37174 590
37936 297
38405 297
38874 297
39343 297
39812 297
40281 297
40750 297
41219 297
41688 297
42157 297
42626 297
43095 265
43552 832
44568 563
45303 288
45763 288
46223 288
46687 583
47454 600
48238 604
49014 314
49500 314
49998 614
50796 570
51558 888
52618 358
53148 358
53686 558
54428 589
55209 900
56293 546
57031 772
57983 520
58695 799
59686 826
60704 832
61708 289
62169 250
62591 250
63025 517
63722 542
64436 275
64895 535
65610 524
66306 264
66746 580
67498 300
67970 300
68442 300
68914 300
69386 300
69858 300
70330 300
70802 300
71274 300
71746 300
72218 300
72690 300
73162 300
73634 300
74106 300
74590 565
75327 265
75772 527
76475 586
77233 302
77707 302
78189 587
78948 285
79405 285
79862 285
80327 563
81070 576
81818 298
82288 298
82758 298
83228 298
83710 558
84448 537
85161 554
85887 277
86336 277
86785 277
87234 277
87683 277
88132 277
88581 277
89030 277
89479 277
89928 277
90377 277
90826 277
91275 277
91724 277
92173 277
92622 277
93071 277
93520 277
93969 277
94418 277
94867 277
95316 277
95765 277
96214 277
96663 277
97112 277
97561 277
98010 277
98459 277
98908 277
99357 277
99806 277
100255 277
100704 277
101153 277
101602 277
102051 277
102500 277
102949 277
103398 277
103847 277
104308 523
