0 702
1 180
2 180
3 180
4 180
5 180
6 233
7 389
8 363
9 331
10 309
11 382
12 247
13 248
14 252
15 180
16 249
17 180
18 180
19 180
20 180
21 180
22 180
23 180
24 180
25 180
26 180
27 180
28 180
29 180
30 251
31 180
32 180
33 247
34 247
35 234
36 180
37 180
38 180
39 180
40 180
41 180
42 180
43 180
44 180
45 180
46 180
47 180
48 222
49 266
50 301
51 384
52 263
53 218
54 232
55 236
56 221
57 291
58 220
59 307
60 239
61 284
62 295
63 180
64 180
65 180
66 180
67 180
68 180
69 180
70 180
71 180
72 180
73 180
74 218
75 306
76 277
77 228
78 180
79 180
80 271
81 244
82 249
83 180
84 180
85 242
86 282
87 311
88 270
89 180
90 274
91 304
92 298
93 271
94 294
95 215
96 255
97 301
98 330
99 245
100 208
101 180
102 222
103 234
104 180
105 226
106 277
107 180
108 284
109 180
110 180
111 180
112 180
113 180
114 180
115 180
116 180
117 180
118 180
119 180
120 180
121 180
122 180
123 180
124 232
125 180
126 215
127 291
128 180
129 180
130 237
131 180
132 180
133 180
134 237
135 252
136 180
137 180
138 180
139 180
140 217
141 231
142 238
143 180
144 180
145 180
146 180
147 180
148 180
149 180
150 180
151 180
152 180
153 180
154 180
155 180
156 180
157 180
158 180
159 180
160 180
161 180
162 180
163 180
164 180
165 180
166 180
167 180
168 180
169 180
170 180
171 180
172 180
173 180
174 180
175 180
176 180
177 180
178 180
179 180
180 180
181 180
182 180
183 180
184 210
