4188 94171
101352 109503
213848 474366
691207 453755
1147955 416958
1567906 450602
2021501 447667
2472161 467462
2942616 439788
3385397 439276
3827666 468680
4299339 459018
4761350 445328
5209671 441039
5653703 466712
6123408 380242
6506643 286008
6795644 411028
7209665 469525
7682183 446726
8131902 421554
8556449 470367
9029809 464317
9497119 442673
9942785 441997
10387775 461871
10852639 454630
11310262 442489
11755744 453619
12212356 418369
12633718 482062
13118773 457558
13579324 442498
14024815 425321
14453129 441089
14897211 469484
15369688 463259
15835940 431072
16270005 473166
16746164 447067
17196224 459344
17658561 446827
18108381 451001
18562375 427880
18993248 468457
19464698 423677
19891368 463162
20357523 435207
20795723 464042
21262758 462185
21727936 460452
22191381 454930
22649304 448376
23100673 447104
23550770 449650
24003413 435283
24441689 432156
24876838 480424
25360255 458409
25821657 449669
26274319 450451
26727763 442698
27173454 430066
27606513 470204
28079710 449884
28532587 452649
28988229 449820
29441042 451412
29895447 451029
30349469 458115
30810577 428924
31242494 457649
31703136 453021
32159150 467289
32629432 428347
33060772 484050
33547815 430874
33981682 410262
34394937 450706
34848636 424099
35275728 439019
35717740 415156
36135889 502703
36641585 491559
37136137 446006
37585136 439736
38027865 425924
38456782 488992
38948767 382189
39333949 446954
39783896 421596
40208485 520987
40732465 464860
41200318 431425
41634736 466840
42104569 455417
42562979 434039
43000011 452907
43455911 392244
43851148 438402
44292543 482355
44777891 453918
45234802 461900
45699695 452820
46155508 492560
46651061 432430
47086484 444014
47533491 449988
47986472 468611
48458076 439655
48900724 459914
49363631 423930
49790554 445303
50238850 469196
50711039 465611
51179643 425434
51608070 470180
52081243 467225
52551461 421338
52975792 471834
53450619 451656
53905268 437027
54345288 458716
54806997 441729
55251719 456610
55711322 466899
56181214 425832
56610039 459738
57072770 437523
57513286 407676
57923955 511477
58438425 442442
58883860 418633
59305486 366208
59674687 482826
60160506 494370
60657869 419417
61080279 451271
61534543 390719
61928255 497852
62429100 410625
62842718 499733
63345444 483096
63831533 457081
64291607 430138
64724738 442148
65169879 515180
65688052 397066
66088111 460384
66551488 446802
67001283 446534
67450810 441432
67895235 473642
68371870 419207
68794070 483042
69280105 442436
69725534 461962
70190489 423627
70617109 456122
71076224 440143
71519360 454062
71976415 457628
72437036 442278
72882307 456852
73342152 448578
73793723 417858
74214574 475110
74692677 414002
75109672 455879
75568544 482634
76054171 449243
76506407 435349
76944749 445163
77392905 469122
77865020 456252
78324265 398441
78725699 309213
79037905 384981
79425879 443427
79872299 456593
80331885 416901
80751779 433937
81188709 339320
81529494 26065
