888 268
1328 268
1768 268
2208 268
2648 268
3088 268
3548 883
4615 638
5437 585
6214 845
7251 875
8298 280
8758 569
9499 289
9960 289
10433 556
11161 267
11600 267
12039 267
12478 267
12917 267
13356 267
13795 267
14234 267
14673 267
15112 267
15551 267
15990 267
16429 267
16880 539
17591 272
18035 272
18491 546
19209 274
19655 267
20094 267
20533 267
20972 267
21411 267
21850 267
22289 267
22728 267
23167 267
23606 267
24045 267
24484 267
24923 267
25374 527
26085 549
26826 836
27854 860
28886 320
29378 302
29864 569
30605 267
31056 527
31775 780
32739 512
33443 770
34397 523
35100 540
35820 550
36542 275
36989 275
37436 275
37883 275
38330 275
38777 275
39224 275
39671 275
40118 275
40565 275
41012 275
41459 259
41910 817
42911 539
43622 269
44063 269
44504 269
44949 534
45667 549
46400 570
47142 299
47613 299
48096 583
48863 549
49604 830
50606 306
51084 306
51570 536
52290 556
53038 824
54046 519
54757 761
55698 506
56396 776
57364 792
58348 788
59308 265
59745 248
60165 248
60597 503
61280 521
61973 266
62423 528
63131 517
63820 255
64251 535
64958 269
65399 269
65840 269
66281 269
66722 269
67163 269
67604 269
68045 269
68486 269
68927 269
69368 269
69809 269
70250 269
70691 269
71132 269
71585 522
72279 253
72712 510
73398 566
74136 287
74595 287
75062 558
75792 271
76235 271
76678 271
77129 553
77862 569
78603 287
79062 287
79521 287
79980 287
80451 538
81169 534
81883 551
82606 268
83046 268
83486 268
83926 268
84366 268
84806 268
85246 268
85686 268
86126 268
86566 268
87006 268
87446 268
87886 268
88326 268
88766 268
89206 268
89646 268
90086 268
90526 268
90966 268
91406 268
91846 268
92286 268
92726 268
93166 268
93606 268
94046 268
94486 268
94926 268
95366 268
95806 268
96246 268
96686 268
97126 268
97566 268
98006 268
98446 268
98886 268
99326 268
99766 268
100206 268
100658 514
