4091 126186
133274 178042
314313 1411063
1728373 1568858
3300228 1192372
4495597 1044029
5542623 1300652
6846272 1393797
8243066 1367546
9613609 1298673
10915279 1605028
12523304 1624506
14150807 1519478
15673282 1193684
16869963 1235471
18108431 896117
19007545 585692
19596234 816351
20415582 1454316
21872895 1474626
23350518 1191141
24544656 1656463
26204116 1552548
27759661 1076958
28839616 1328432
30171045 1348479
31522521 1533014
33058532 1538581
34600110 1438314
36041421 1070284
37114702 1515750
38633449 1566755
40203201 1377531
41583729 1049366
42636092 1192594
43831683 1392062
45226742 1462188
46691927 1311992
48006916 1408723
49418636 1526965
50948598 1564096
52515691 1475855
53994543 1439797
55437337 1293572
56733906 1385331
58122234 1329915
59455146 1527626
60985769 1262154
62250920 1456728
63710645 1335440
65049082 1495415
66547494 1573980
68124471 1550420
69677888 1403132
71084017 1599971
72686985 1238601
73928583 1085982
75017562 1218717
76239276 1332342
77574615 1486983
79064595 1303496
80371088 1229406
81603491 1416924
83023412 1525382
84551791 1470759
86025547 1673460
87702004 1410614
89115615 1517282
90635894 1267491
91906382 1299691
93209070 1266221
94478288 1563583
96044868 1587825
97635690 1616386
99255073 1331727
100589797 1575569
102168363 1410838
103582198 1240313
104825508 1135844
105964349 1076134
107043480 1177719
108224196 1206850
109434043 1487574
110924614 1656030
112583641 1329661
113916299 1455961
115375257 1375479
116753733 1522043
118278773 1136899
119418669 1260446
120682112 1170990
121856099 1366544
123225640 1481644
124710281 1486170
126199448 1569434
127771879 1498312
129273188 1323703
130599888 1390493
131993378 1182302
133178677 1233352
134415026 1464159
135882182 1332517
137217696 1394645
138615338 1181053
139799388 1708406
141510791 1448664
142962452 1268757
144234206 1197845
145435048 1543222
146981267 1537447
148521711 1373094
149897802 1170772
151071571 1205702
152280270 1345203
153628470 1650100
155281567 1337508
156622072 1712420
158337489 1626232
159966718 1364734
161334449 1570720
162908166 1148504
164059667 1299965
165362629 1560492
166926118 1613696
168542811 1348843
169894651 1681246
171578894 1008096
172589987 1403645
173996629 1359635
175359261 1085930
176448188 1678214
178129399 1571042
179703438 1048778
180755213 854026
181612236 1377253
182992486 1499145
184494628 1257319
185754944 1358717
187116658 1123250
188242905 1370088
189615990 1301592
190920579 1353312
192276888 1770423
194050308 1482388
195535693 1476387
197015077 1413500
198431574 1577586
200012157 1181145
201196299 1677907
202877203 1461754
204341954 1541692
205886643 1352745
207242385 1611025
208856407 1167549
210026953 1389973
211419923 1335398
212758318 1317384
214078699 1206641
215288337 1312688
216604022 1561466
218168485 1568253
219739735 1544849
221287581 1525338
222815916 1462593
224281506 1497844
225782347 1519063
227304407 1456791
228764195 1497420
230264612 1550692
231818301 1464544
233285842 1535646
234824485 1438196
236265678 1637828
237906503 1319644
239229144 1241774
240473915 1156947
241633859 689147
242326003 918095
243247095 1378194
244628286 1471804
246103087 1406848
247512932 1343175
248859104 1225754
250086327 58781
