0 1059
1 64161
2 82396
3 381401
4 354001
5 324183
6 357081
7 351506
8 372787
9 344917
10 341951
11 368142
12 354217
13 355111
14 344537
15 369071
16 301580
17 255214
18 334759
19 367002
20 354889
21 330260
22 365822
23 368864
24 335693
25 356358
26 359057
27 360219
28 354620
29 348752
30 328683
31 373374
32 361608
33 351904
34 338320
35 337374
36 356067
37 376160
38 344063
39 366469
40 353928
41 355633
42 349609
43 343717
44 351582
45 357230
46 344378
47 358433
48 355480
49 349408
50 355347
51 366864
52 364079
53 344435
54 351098
55 356079
56 353902
57 330383
58 368704
59 366318
60 346630
61 348190
62 347561
63 349046
64 373100
65 346143
66 357418
67 354687
68 345559
69 359212
70 351476
71 352196
72 355925
73 348651
74 366257
75 333928
76 375074
77 349925
78 310085
79 355799
80 336075
81 348397
82 322172
83 401977
84 381068
85 345206
86 351005
87 325760
88 380234
89 319253
90 345669
91 333463
92 398741
93 371784
94 332580
95 372033
96 357695
97 341476
98 352904
99 305676
100 351738
101 381924
102 348777
103 358165
104 354218
105 385645
106 340119
107 347500
108 348165
109 367934
110 349723
111 363909
112 335053
113 353067
114 363122
115 362988
116 336194
117 367544
118 366377
119 332020
120 370381
121 352933
122 336623
123 368177
124 346463
125 355725
126 366741
127 335666
128 364267
129 345829
130 311176
131 404549
132 347785
133 324959
134 270153
135 355484
136 388295
137 323089
138 356244
139 308453
140 394640
141 325619
142 385095
143 379582
144 356806
145 339035
146 344703
147 415125
148 302859
149 363323
150 343778
151 352533
152 351849
153 356912
154 332052
155 389214
156 347441
157 353395
158 310378
159 379436
160 355822
161 349492
162 369173
163 351737
164 357161
165 342935
166 348616
167 350761
168 345682
169 352808
170 384049
171 321236
172 357301
173 362364
174 358339
175 352570
176 310668
177 219278
178 301176
179 358821
180 347454
181 330449
182 340824
183 266476
184 17500
