890 8
1074 46
1292 8
1472 8
1652 8
1844 47
2091 182
2465 153
2810 117
3115 87
3390 185
3759 73
4012 61
4257 61
4490 8
4690 49
4911 8
5091 8
5271 8
5451 8
5631 8
5811 8
5991 8
6171 8
6351 8
6531 8
6711 8
6891 8
7071 8
7271 61
7504 8
7684 8
7876 68
8128 68
8372 59
8603 8
8783 8
8963 8
9143 8
9323 8
9503 8
9683 8
9863 8
10043 8
10223 8
10403 8
10583 8
10775 41
11004 84
11276 120
11604 191
11979 92
12243 47
12470 49
12703 49
12936 33
13173 90
13447 35
13690 104
13982 56
14226 82
14500 99
14771 8
14951 8
15131 8
15311 8
15491 8
15671 8
15851 8
16031 8
16211 8
16391 8
16571 8
16759 44
17003 91
17286 94
17564 55
17791 8
17971 8
18167 86
18441 51
18676 65
18913 8
19093 8
19285 61
19538 92
19814 113
20107 76
20355 8
20551 112
20855 119
21174 106
21472 83
21763 91
22038 38
22264 73
22525 119
22844 125
23153 52
23385 31
23588 8
23780 35
24003 48
24223 8
24415 44
24659 78
24909 8
25113 79
25364 8
25544 8
25724 8
25904 8
26084 8
26264 8
26444 8
26624 8
26804 8
26984 8
27164 8
27344 8
27524 8
27704 8
27884 8
28084 40
28296 8
28484 36
28708 87
28967 8
29147 8
29335 59
29566 8
29746 8
29926 8
30114 53
30355 52
30579 8
30759 8
30939 8
31119 8
31311 38
31525 53
31766 58
31996 8
32176 8
32356 8
32536 8
32716 8
32896 8
33076 8
33256 8
33436 8
33616 8
33796 8
33976 8
34156 8
34336 8
34516 8
34696 8
34876 8
35056 8
35236 8
35416 8
35596 8
35776 8
35956 8
36136 8
36316 8
36496 8
36676 8
36856 8
37036 8
37216 8
37396 8
37576 8
37756 8
37936 8
38116 8
38296 8
38476 8
38656 8
38836 8
39016 8
39196 8
39388 26
