888 265
1325 265
1762 265
2199 265
2636 265
3073 265
3530 869
4579 632
5395 592
6179 847
7218 895
8285 298
8763 576
9511 278
9961 278
10423 545
11140 267
11579 267
12018 267
12457 267
12896 267
13335 267
13774 267
14213 267
14652 267
15091 267
15530 267
15969 267
16408 267
16859 540
17571 273
18016 273
18473 554
19199 281
19652 273
20097 273
20542 273
20987 273
21432 273
21877 273
22322 273
22767 273
23212 273
23657 273
24102 273
24547 273
24992 273
25449 532
26165 546
26903 837
27932 842
28946 297
29415 276
29875 544
30591 268
31043 526
31761 776
32721 508
33421 765
34370 524
35074 533
35791 539
36502 269
36943 269
37384 269
37825 269
38266 269
38707 269
39148 269
39589 269
40030 269
40471 269
40912 269
41353 260
41805 799
42788 528
43488 263
43923 263
44358 263
44797 533
45514 547
46245 557
46974 287
47433 287
47904 571
48659 548
49399 838
50409 317
50898 317
51395 533
52112 552
52856 828
53868 522
54582 752
55514 504
56210 768
57170 784
58146 789
59107 269
59548 249
59969 249
60402 504
61086 512
61770 257
62211 515
62906 513
63591 255
64022 521
64715 263
65150 263
65585 263
66020 263
66455 263
66890 263
67325 263
67760 263
68195 263
68630 263
69065 263
69500 263
69935 263
70370 263
70805 263
71252 516
71940 253
72373 509
73058 538
73768 271
74211 271
74662 545
75379 274
75825 274
76271 274
76725 539
77444 536
78152 271
78595 271
79038 271
79481 271
79936 525
80641 540
81361 550
82083 264
82519 264
82955 264
83391 264
83827 264
84263 264
84699 264
85135 264
85571 264
86007 264
86443 264
86879 264
87315 264
87751 264
88187 264
88623 264
89059 264
89495 264
89931 264
90367 264
90803 264
91239 264
91675 264
92111 264
92547 264
92983 264
93419 264
93855 264
94291 264
94727 264
95163 264
95599 264
96035 264
96471 264
96907 264
97343 264
97779 264
98215 264
98651 264
99087 264
99523 264
99971 510
