0 732
1 438
2 438
3 438
4 438
5 438
6 717
7 1050
8 785
9 749
10 993
11 1053
12 465
13 754
14 453
15 453
16 726
17 433
18 433
19 433
20 433
21 433
22 433
23 433
24 433
25 433
26 433
27 433
28 433
29 433
30 718
31 445
32 445
33 745
34 460
35 451
36 451
37 451
38 451
39 451
40 451
41 451
42 451
43 451
44 451
45 451
46 451
47 451
48 724
49 741
50 1048
51 1056
52 489
53 447
54 728
55 441
56 706
57 967
58 689
59 964
60 709
61 710
62 731
63 453
64 453
65 453
66 453
67 453
68 453
69 453
70 453
71 453
72 453
73 453
74 436
75 987
76 726
77 447
78 447
79 447
80 710
81 730
82 732
83 457
84 457
85 750
86 724
87 1004
88 468
89 468
90 736
91 751
92 1025
93 715
94 951
95 696
96 971
97 987
98 993
99 444
100 423
101 423
102 690
103 695
104 432
105 708
106 698
107 426
108 695
109 430
110 430
111 430
112 430
113 430
114 430
115 430
116 430
117 430
118 430
119 430
120 430
121 430
122 430
123 430
124 694
125 424
126 688
127 711
128 444
129 444
130 731
131 451
132 451
133 451
134 732
135 717
136 436
137 436
138 436
139 436
140 706
141 711
142 723
143 442
144 442
145 442
146 442
147 442
148 442
149 442
150 442
151 442
152 442
153 442
154 442
155 442
156 442
157 442
158 442
159 442
160 442
161 442
162 442
163 442
164 442
165 442
166 442
167 442
168 442
169 442
170 442
171 442
172 442
173 442
174 442
175 442
176 442
177 442
178 442
179 442
180 442
181 442
182 442
183 442
184 700
