4090 61130
68217 77445
148659 379310
530966 407711
941674 311035
1255706 331032
1589735 389184
1981916 426696
2411609 375883
2790489 378893
3172379 446917
3622293 431924
4057214 378662
4438873 340598
4782468 398005
5183470 302880
5489347 224308
5716652 289684
6009333 437473
6449803 386937
6839737 320602
7163336 446110
7612443 434239
8049679 295425
8348101 390279
8741377 378773
9123147 440581
9566725 410782
9980504 409612
10393113 309843
10705953 436586
11145536 419448
11567981 369613
11940591 312930
12256518 338395
12597910 417238
13018145 416101
13437243 376701
13816941 408369
14228307 401641
14632945 425262
15061204 392260
15456461 397636
15857094 322495
16182586 388570
16574153 398096
16975246 422508
17400751 339458
17743206 422940
18169143 382568
18554708 433026
18990731 407367
19401095 423282
19827374 378351
20208722 409291
20621010 336377
20960384 339663
21303044 379522
21685563 382284
22070844 415015
22488856 365728
22857581 368784
23229362 413895
23646254 417429
24066680 407736
24477413 403654
24884064 390997
25278058 407955
25689010 365769
26057776 374786
26435559 375591
26814147 432119
27249263 431516
27683776 420086
28106859 337335
28447191 426712
28876900 369522
29249419 345195
29597611 373453
29974061 332697
30309755 348824
30661576 322225
30986798 399429
31389224 449121
31841342 391137
32235476 388714
32627187 372235
33002419 414812
33420228 343201
33766426 360396
34129819 326228
34459044 394851
34856892 424581
35284470 391123
35678590 423858
36105445 403708
36512150 349620
36864767 379728
37247492 335931
37586420 350935
37940352 440539
38383888 369655
38756540 437788
39197325 321617
39521939 473156
39998092 372257
40373346 366943
40743286 353453
41099736 433987
41536720 410464
41950181 373976
42327154 338312
42668463 355320
43026780 390056
43419833 458877
43881707 331851
44216555 455656
44675208 435442
45113647 365076
45481720 418312
45903029 319674
46225700 359592
46588289 443098
47034384 410452
47447833 375600
47826430 452475
48281902 294938
48579837 424694
49007528 367380
49377905 325991
49706893 451682
50161572 399630
50564199 300105
50867301 313693
51183991 397318
51584306 431575
52018878 370689
52392564 366837
52762398 334108
53099503 433462
53535962 369566
53908525 400134
54311656 445707
54760360 399932
55163289 384434
55550720 380161
55933878 413906
56350781 308874
56662652 441737
57107386 385586
57495969 416355
57915321 385376
58303694 436160
58742851 313359
59059207 399211
59461415 406068
59870480 402402
60275879 345848
60624724 388942
61016663 438549
61458209 392156
61853362 415832
62272191 389152
62664340 454781
63122118 373078
63498193 361990
63863180 386034
64252211 416034
64671242 399771
65074010 437280
65514287 383191
65900475 399351
66302823 381058
66686878 353232
67043107 346230
67392334 339446
67734777 235370
67973144 262189
68238330 415150
68656477 423303
69082777 348262
69434036 379965
69816998 336631
70155098 27757
