0 995
1 73621
2 100887
3 603916
4 618453
5 465829
6 478436
7 561423
8 643334
9 535742
10 574881
11 681987
12 624389
13 587612
14 499841
15 567561
16 453334
17 295867
18 407865
19 642060
20 618105
21 466832
22 679613
23 625172
24 441918
25 583666
26 548835
27 663301
28 628853
29 584708
30 473331
31 640920
32 641848
33 555065
34 456422
35 494291
36 601585
37 613247
38 590917
39 618856
40 614464
41 646511
42 590876
43 586767
44 502550
45 599193
46 573396
47 642080
48 497477
49 603199
50 561616
51 639385
52 605800
53 651487
54 575979
55 605485
56 526984
57 489826
58 548433
59 572655
60 610640
61 548535
62 542202
63 594105
64 643982
65 607194
66 619494
67 596219
68 612617
69 532934
70 588397
71 549866
72 661860
73 625822
74 644665
75 512338
76 659840
77 555264
78 514697
79 509453
80 465249
81 504054
82 492759
83 611122
84 691138
85 548786
86 600781
87 557612
88 657650
89 499586
90 518036
91 479702
92 608217
93 618561
94 595243
95 626643
96 607420
97 510757
98 575672
99 497506
100 501585
101 635537
102 560989
103 641288
104 481559
105 698766
106 558109
107 547469
108 500447
109 657444
110 613284
111 552842
112 515756
113 506983
114 574759
115 691350
116 494139
117 680368
118 661237
119 553177
120 639013
121 475360
122 536112
123 651998
124 625352
125 561782
126 679534
127 436318
128 628456
129 541962
130 479551
131 683987
132 602506
133 474427
134 449037
135 560452
136 644653
137 557371
138 562039
139 487518
140 620486
141 554586
142 597645
143 703422
144 593995
145 585083
146 584146
147 629384
148 441381
149 670680
150 606022
151 601221
152 570092
153 641611
154 476778
155 591445
156 574280
157 602619
158 504435
159 573182
160 623465
161 606523
162 551099
163 577559
164 610171
165 545471
166 504378
167 474011
168 465371
169 531045
170 475844
171 574937
172 504621
173 509408
174 535749
175 439786
176 434015
177 319643
178 400328
179 603719
180 647820
181 531729
182 598402
183 497112
184 34766
