0
1
1 1986618469
184
1 0.000000 3.868364
1 3.910031 7.868396
1 7.910063 11.868428
1 11.910095 15.868460
1 15.910127 19.868492
1 19.910159 23.868524
1 23.910191 27.868556
1 27.910223 31.868588
1 31.910255 35.868620
1 35.910287 39.868652
1 39.910319 43.868684
1 43.910351 47.868716
1 47.910383 51.868748
1 51.910415 55.868780
1 55.910447 59.868812
1 59.910479 63.868844
1 63.910511 67.868876
1 67.910543 71.868908
1 71.910575 75.868940
1 75.910607 79.868972
1 79.910639 83.869004
1 83.910671 87.869036
1 87.910703 91.869068
1 91.910735 95.869100
1 95.910767 99.869132
1 99.910799 103.869164
1 103.910831 107.869196
1 107.910863 111.869228
1 111.910895 115.869260
1 115.910927 119.869292
1 119.910959 123.869324
1 123.910991 127.869356
1 127.911023 131.869388
1 131.911055 135.869420
1 135.911087 139.869452
1 139.911119 143.869484
1 143.911151 147.869516
1 147.911183 151.869548
1 151.911215 155.869580
1 155.911247 159.869612
1 159.911279 163.869644
1 163.911311 167.869676
1 167.911343 171.869708
1 171.911375 175.869740
1 175.911407 179.869772
1 179.911439 183.869804
1 183.911471 187.869836
1 187.911503 191.869868
1 191.911535 195.869900
1 195.911567 199.869932
1 199.911599 203.869964
1 203.911631 207.869996
1 207.911663 211.870028
1 211.911695 215.870060
1 215.911727 219.870092
1 219.911759 223.870124
1 223.911791 227.870156
1 227.911823 231.870188
1 231.911855 235.870220
1 235.911887 239.870252
1 239.911919 243.870284
1 243.911951 247.870316
1 247.911983 251.870348
1 251.912015 255.870380
1 255.912047 259.870412
1 259.912079 263.870444
1 263.912111 267.870476
1 267.912143 271.870508
1 271.912175 275.870540
1 275.912207 279.870572
1 279.912239 283.870604
1 283.912271 287.870636
1 287.912303 291.870668
1 291.912335 295.870700
1 295.912367 299.870732
1 299.912399 303.870764
1 303.912431 307.870796
1 307.912463 311.870828
1 311.912495 315.870860
1 315.912527 319.870892
1 319.912559 323.870924
1 323.912591 327.870956
1 327.912623 331.870988
1 331.912655 335.871020
1 335.912687 339.871052
1 339.912719 343.871084
1 343.912751 347.871116
1 347.912783 351.871148
1 351.912815 355.871180
1 355.912847 359.871212
1 359.912879 363.871244
1 363.912911 367.871276
1 367.912943 371.871308
1 371.912975 375.871340
1 375.913007 379.871372
1 379.913039 383.871404
1 383.913071 387.871436
1 387.913103 391.871468
1 391.913135 395.871500
1 395.913167 399.871532
1 399.913199 403.871564
1 403.913231 407.871596
1 407.913263 411.871628
1 411.913295 415.871660
1 415.913327 419.871692
1 419.913359 423.871724
1 423.913391 427.871756
1 427.913423 431.871788
1 431.913455 435.871820
1 435.913487 439.871852
1 439.913519 443.871884
1 443.913551 447.871916
1 447.913583 451.871948
1 451.913615 455.871980
1 455.913647 459.872012
1 459.913679 463.872044
1 463.913711 467.872076
1 467.913743 471.872108
1 471.913775 475.872140
1 475.913807 479.872172
1 479.913839 483.872204
1 483.913871 487.872236
1 487.913903 491.872268
1 491.913935 495.872300
1 495.913967 499.872332
1 499.913999 503.872364
1 503.914031 507.872396
1 507.914063 511.872428
1 511.914095 515.872460
1 515.914127 519.872492
1 519.914159 523.872524
1 523.914191 527.872556
1 527.914223 531.872588
1 531.914255 535.872620
1 535.914287 539.872652
1 539.914319 543.872684
1 543.914351 547.872716
1 547.914383 551.872748
1 551.914415 555.872780
1 555.914447 559.872812
1 559.914479 563.872844
1 563.914511 567.872876
1 567.914543 571.872908
1 571.914575 575.872940
1 575.914607 579.872972
1 579.914639 583.873004
1 583.914671 587.873036
1 587.914703 591.873068
1 591.914735 595.873100
1 595.914767 599.873132
1 599.914799 603.873164
1 603.914831 607.873196
1 607.914863 611.873228
1 611.914895 615.873260
1 615.914927 619.873292
1 619.914959 623.873324
1 623.914991 627.873356
1 627.915023 631.873388
1 631.915055 635.873420
1 635.915087 639.873452
1 639.915119 643.873484
1 643.915151 647.873516
1 647.915183 651.873548
1 651.915215 655.873580
1 655.915247 659.873612
1 659.915279 663.873644
1 663.915311 667.873676
1 667.915343 671.873708
1 671.915375 675.873740
1 675.915407 679.873772
1 679.915439 683.873804
1 683.915471 687.873836
1 687.915503 691.873868
1 691.915535 695.873900
1 695.915567 699.873932
1 699.915599 703.873964
1 703.915631 707.873996
1 707.915663 711.874028
1 711.915695 715.874060
1 715.915727 719.874092
1 719.915759 723.874124
1 723.915791 727.874156
1 727.915823 731.874188
1 731.915855 733.874204
