874 8
1054 8
1234 8
1414 8
1594 8
1786 49
2035 189
2416 171
2779 139
3106 121
3419 190
3793 63
4036 68
4288 68
4528 8
4728 57
4957 8
5137 8
5317 8
5497 8
5677 8
5857 8
6037 8
6217 8
6397 8
6577 8
6757 8
6937 8
7117 8
7317 59
7548 8
7728 8
7920 63
8167 63
8406 58
8636 8
8816 8
8996 8
9176 8
9356 8
9536 8
9716 8
9896 8
10076 8
10256 8
10436 8
10616 8
10808 38
11034 78
11300 113
11621 176
11981 79
12232 46
12458 52
12694 52
12930 37
13171 87
13442 36
13686 99
13973 51
14212 96
14500 103
14775 8
14955 8
15135 8
15315 8
15495 8
15675 8
15855 8
16035 8
16215 8
16395 8
16575 8
16763 38
17001 106
17299 85
17568 44
17784 8
17964 8
18160 83
18431 56
18671 65
18908 8
19088 8
19280 58
19530 90
19804 127
20111 90
20373 8
20569 86
20847 112
21159 98
21449 79
21736 86
22006 31
22225 67
22480 113
22793 130
23107 61
23348 28
23548 8
23740 38
23966 46
24184 8
24376 42
24618 77
24867 8
25071 88
25331 8
25511 8
25691 8
25871 8
26051 8
26231 8
26411 8
26591 8
26771 8
26951 8
27131 8
27311 8
27491 8
27671 8
27851 8
28051 40
28263 8
28451 35
28674 103
28949 8
29129 8
29317 57
29546 8
29726 8
29906 8
30094 57
30339 64
30575 8
30755 8
30935 8
31115 8
31307 33
31516 55
31759 50
31981 8
32161 8
32341 8
32521 8
32701 8
32881 8
33061 8
33241 8
33421 8
33601 8
33781 8
33961 8
34141 8
34321 8
34501 8
34681 8
34861 8
35041 8
35221 8
35401 8
35581 8
35761 8
35941 8
36121 8
36301 8
36481 8
36661 8
36841 8
37021 8
37201 8
37381 8
37561 8
37741 8
37921 8
38101 8
38281 8
38461 8
38641 8
38821 8
39001 8
39181 8
39373 26
