4172 47967
55132 62951
121076 211992
336061 201925
540979 184416
728388 201146
932527 201793
1137313 208761
1349067 195354
1547414 193435
1743842 209095
1955930 204199
2163122 198466
2364581 195078
2562652 212661
2778306 162051
2943350 147868
3094211 183869
3281073 208569
3492635 202560
3698188 183885
3885066 210067
4098126 206972
4308091 193149
4504233 202563
4709789 196034
4908816 210131
5121940 194969
5319902 200695
5523590 189840
5716423 211125
5930541 208609
6142143 196242
6341378 188101
6532472 185613
6721078 213643
6937714 214144
7154851 193859
7351703 197976
7552672 203185
7758850 203800
7965643 196506
8165142 202098
8370233 194600
8567826 209055
8779874 190597
8973464 200563
9177020 203609
9383622 196626
9583241 203724
9789958 208101
10001052 201380
10205425 201423
10409841 196781
10609615 199619
10812227 197480
11012700 197997
11213690 208357
11425040 202089
11630122 198618
11831733 201967
12036693 188185
12227871 201810
12432674 204463
12640130 202288
12845411 202872
13051276 201351
13255620 197882
13456495 202470
13661958 199729
13864680 195442
14063115 202865
14268973 202915
14474881 203387
14681261 189137
14873391 216216
15092600 200624
15296217 168825
15468035 206725
15677753 187009
15867755 181684
16052432 182351
16237776 220662
16461431 221690
16686114 200163
16889270 193868
17086131 187502
17276626 214622
17494241 185716
17682950 195053
17880996 180454
18064443 229714
18297150 211007
18511150 188657
18702800 208979
18914772 201735
19119500 198371
19320864 198097
19521954 168285
19693232 203813
19900038 218780
20121811 194634
20319438 209098
20531529 196939
20731461 222009
20956463 188045
21147501 198712
21349206 194252
21546451 217059
21766503 196506
21966002 201187
22170182 198418
22371593 198729
22573315 204835
22781143 203212
22987348 193666
23184007 206540
23393540 206491
23603024 187081
23793098 212082
24008173 197534
24208700 190460
24402153 210332
24615478 195833
24814304 204605
25021902 206170
25231065 193513
25427571 202919
25633483 201508
25837984 170880
26011857 229190
26244040 198566
26445599 184041
26632633 156947
26792573 198181
26993747 221836
27218576 180863
27402432 201069
27606494 173113
27782600 223863
28009456 182239
28194688 212761
28410442 221161
28634596 199737
28837326 192957
29033276 197515
29233784 237686
29474463 162363
29639819 209615
29852427 201334
30056754 198070
30257817 203196
30464006 199833
30666832 186775
30856600 220872
31080465 193559
31277017 205219
31485229 163430
31651652 218995
31873640 207237
32083870 205859
32292722 195485
32491200 200862
32695055 208804
32906852 197869
33107714 197355
33308062 195586
33506641 199139
33708773 206451
33918217 195580
34116790 204902
34324685 198188
34525866 208046
34736905 194787
34934685 196922
35134600 163348
35300941 167115
35471049 177202
35651244 200353
35854590 196792
36054375 190745
36248113 198394
36449500 148060
36599025 18325
