4094 70522
77613 97890
178500 600919
782416 615456
1400869 462832
1866698 475439
2345134 558426
2906557 640337
3549891 532745
4085633 571884
4660514 678990
5342501 621392
5966890 584615
6554502 496844
7054343 564564
7621904 450337
8075238 292870
8371105 404868
8778970 639063
9421030 615108
10039135 463835
10505967 676616
11185580 622175
11810752 438921
12252670 580669
12836336 545838
13385171 660304
14048472 625856
14677325 581711
15262033 470334
15735364 637923
16376284 638851
17018132 552068
17573197 453425
18029619 491294
18523910 598588
19125495 610250
19738742 587920
20329659 615859
20948515 611467
21562979 643514
22209490 587879
22800366 583770
23387133 499553
23889683 596196
24488876 570399
25062272 639083
25704352 494480
26201829 600202
26805028 558619
27366644 636388
28006029 602803
28611829 648490
29263316 572982
29839295 602488
30444780 523987
30971764 486829
31461590 545436
32010023 569658
32582678 607643
33193318 545538
33741853 539205
34284055 591108
34878160 640985
35522142 604197
36129336 616497
36748830 593222
37345049 609620
37957666 529937
38490600 585400
39078997 546869
39628863 658863
40290723 622825
40916545 641668
41561210 509341
42073548 656843
42733388 552267
43288652 511700
43803349 506456
44312802 462252
44778051 501057
45282105 489762
45774864 608125
46385986 688141
47077124 545789
47625910 597784
48226691 554615
48784303 654653
49441953 496589
49941539 515039
50459575 476705
50939277 605220
51547494 615564
52166055 592246
52761298 623646
53387941 604423
53995361 507760
54506118 572675
55081790 494509
55579296 498588
56080881 632540
56716418 557992
57277407 638291
57918695 478562
58400254 695769
59099020 555112
59657129 544472
60204598 497450
60705045 654447
61362489 610287
61975773 549845
62528615 512759
63044371 503986
63551354 571762
64126113 688353
64817463 491142
65311602 677371
65991970 658240
66653207 550180
67206384 636016
67845397 472363
68320757 533115
68856869 649001
69508867 622355
70134219 558785
70696001 676537
71375535 433321
71811853 625459
72440309 538965
72982271 476554
73461822 680990
74145809 599509
74748315 471430
75222742 446040
75671779 557455
76232231 641656
76876884 554374
77434255 559042
77996294 484521
78483812 617489
79104298 551589
79658884 594648
80256529 700425
80959951 590998
81553946 582086
82139029 581149
82723175 626387
83352559 438384
83793940 667683
84464620 603025
85070642 598224
85671863 567095
86241955 638614
86883566 473781
87360344 588448
87951789 571283
88526069 599622
89128688 501438
89633123 570185
90206305 620468
90829770 603526
91436293 548102
91987392 574562
92564951 607174
93175122 542474
93720593 501381
94224971 471014
94698982 462374
95164353 528048
95695398 472847
96171242 571940
96746179 501624
97250800 506411
97760208 532752
98295957 436789
98735743 431018
99169758 316646
99489401 397331
99889729 600722
100493448 644823
101141268 528732
101672997 595405
102271399 494115
102766983 33297
