0
1
1 1986618469
184
1 0.000000 3.873365
1 3.915032 7.873397
1 7.915064 11.873429
1 11.915096 15.873461
1 15.915128 19.873493
1 19.915160 23.873525
1 23.915192 27.873557
1 27.915224 31.873589
1 31.915256 35.873621
1 35.915288 39.873653
1 39.915320 43.873685
1 43.915352 47.873717
1 47.915384 51.873749
1 51.915416 55.873781
1 55.915448 59.873813
1 59.915480 63.873845
1 63.915512 67.873877
1 67.915544 71.873909
1 71.915576 75.873941
1 75.915608 79.873973
1 79.915640 83.874005
1 83.915672 87.874037
1 87.915704 91.874069
1 91.915736 95.874101
1 95.915768 99.874133
1 99.915800 103.874165
1 103.915832 107.874197
1 107.915864 111.874229
1 111.915896 115.874261
1 115.915928 119.874293
1 119.915960 123.874325
1 123.915992 127.874357
1 127.916024 131.874389
1 131.916056 135.874421
1 135.916088 139.874453
1 139.916120 143.874485
1 143.916152 147.874517
1 147.916184 151.874549
1 151.916216 155.874581
1 155.916248 159.874613
1 159.916280 163.874645
1 163.916312 167.874677
1 167.916344 171.874709
1 171.916376 175.874741
1 175.916408 179.874773
1 179.916440 183.874805
1 183.916472 187.874837
1 187.916504 191.874869
1 191.916536 195.874901
1 195.916568 199.874933
1 199.916600 203.874965
1 203.916632 207.874997
1 207.916664 211.875029
1 211.916696 215.875061
1 215.916728 219.875093
1 219.916760 223.875125
1 223.916792 227.875157
1 227.916824 231.875189
1 231.916856 235.875221
1 235.916888 239.875253
1 239.916920 243.875285
1 243.916952 247.875317
1 247.916984 251.875349
1 251.917016 255.875381
1 255.917048 259.875413
1 259.917080 263.875445
1 263.917112 267.875477
1 267.917144 271.875509
1 271.917176 275.875541
1 275.917208 279.875573
1 279.917240 283.875605
1 283.917272 287.875637
1 287.917304 291.875669
1 291.917336 295.875701
1 295.917368 299.875733
1 299.917400 303.875765
1 303.917432 307.875797
1 307.917464 311.875829
1 311.917496 315.875861
1 315.917528 319.875893
1 319.917560 323.875925
1 323.917592 327.875957
1 327.917624 331.875989
1 331.917656 335.876021
1 335.917688 339.876053
1 339.917720 343.876085
1 343.917752 347.876117
1 347.917784 351.876149
1 351.917816 355.876181
1 355.917848 359.876213
1 359.917880 363.876245
1 363.917912 367.876277
1 367.917944 371.876309
1 371.917976 375.876341
1 375.918008 379.876373
1 379.918040 383.876405
1 383.918072 387.876437
1 387.918104 391.876469
1 391.918136 395.876501
1 395.918168 399.876533
1 399.918200 403.876565
1 403.918232 407.876597
1 407.918264 411.876629
1 411.918296 415.876661
1 415.918328 419.876693
1 419.918360 423.876725
1 423.918392 427.876757
1 427.918424 431.876789
1 431.918456 435.876821
1 435.918488 439.876853
1 439.918520 443.876885
1 443.918552 447.876917
1 447.918584 451.876949
1 451.918616 455.876981
1 455.918648 459.877013
1 459.918680 463.877045
1 463.918712 467.877077
1 467.918744 471.877109
1 471.918776 475.877141
1 475.918808 479.877173
1 479.918840 483.877205
1 483.918872 487.877237
1 487.918904 491.877269
1 491.918936 495.877301
1 495.918968 499.877333
1 499.919000 503.877365
1 503.919032 507.877397
1 507.919064 511.877429
1 511.919096 515.877461
1 515.919128 519.877493
1 519.919160 523.877525
1 523.919192 527.877557
1 527.919224 531.877589
1 531.919256 535.877621
1 535.919288 539.877653
1 539.919320 543.877685
1 543.919352 547.877717
1 547.919384 551.877749
1 551.919416 555.877781
1 555.919448 559.877813
1 559.919480 563.877845
1 563.919512 567.877877
1 567.919544 571.877909
1 571.919576 575.877941
1 575.919608 579.877973
1 579.919640 583.878005
1 583.919672 587.878037
1 587.919704 591.878069
1 591.919736 595.878101
1 595.919768 599.878133
1 599.919800 603.878165
1 603.919832 607.878197
1 607.919864 611.878229
1 611.919896 615.878261
1 615.919928 619.878293
1 619.919960 623.878325
1 623.919992 627.878357
1 627.920024 631.878389
1 631.920056 635.878421
1 635.920088 639.878453
1 639.920120 643.878485
1 643.920152 647.878517
1 647.920184 651.878549
1 651.920216 655.878581
1 655.920248 659.878613
1 659.920280 663.878645
1 663.920312 667.878677
1 667.920344 671.878709
1 671.920376 675.878741
1 675.920408 679.878773
1 679.920440 683.878805
1 683.920472 687.878837
1 687.920504 691.878869
1 691.920536 695.878901
1 695.920568 699.878933
1 699.920600 703.878965
1 703.920632 707.878997
1 707.920664 711.879029
1 711.920696 715.879061
1 715.920728 719.879093
1 719.920760 723.879125
1 723.920792 727.879157
1 727.920824 731.879189
1 731.920856 733.879205
