0 1750
1 33173
2 33173
3 33173
4 33173
5 33173
6 33173
7 33173
8 33173
9 33192
10 33154
11 33173
12 33173
13 33173
14 33173
15 33173
16 33173
17 33173
18 33173
19 33173
20 33173
21 33173
22 33173
23 33173
24 33173
25 33173
26 33173
27 33173
28 33173
29 33173
30 33173
31 33173
32 33173
33 33173
34 33173
35 33173
36 33173
37 33173
38 33173
39 33173
40 33173
41 33173
42 33173
43 33173
44 33173
45 33173
46 33173
47 33173
48 33173
49 33173
50 33173
51 33173
52 33173
53 33173
54 33173
55 33173
56 33173
57 33173
58 33173
59 33173
60 33228
61 33118
62 33173
63 33173
64 33173
65 33173
66 33173
67 33192
68 33154
69 33173
70 33173
71 33173
72 33173
73 33173
74 33173
75 33173
76 33173
77 33173
78 33173
79 33173
80 33173
81 33173
82 33173
83 33201
84 33145
85 33173
86 33173
87 33173
88 33173
89 33200
90 33159
91 33160
92 33173
93 33173
94 33173
95 33173
96 33173
97 33173
98 33173
99 33173
100 33173
101 33173
102 33173
103 33173
104 33173
105 33173
106 33173
107 33173
108 33173
109 33173
110 33173
111 33173
112 33173
113 33173
114 33173
115 33173
116 33173
117 33173
118 33173
119 33173
120 33173
121 33173
122 33173
123 33173
124 33173
125 33173
126 33173
127 33173
128 33173
129 33173
130 33173
131 33173
132 33173
133 33173
134 33173
135 33173
136 33173
137 33173
138 33173
139 33173
140 33173
141 33173
142 33173
143 33173
144 33173
145 33173
146 33173
147 33173
148 33173
149 33173
150 33173
151 33173
152 33173
153 33173
154 33173
155 33194
156 33176
157 33149
158 33173
159 33173
160 33173
161 33173
162 33173
163 33173
164 33173
165 33173
166 33173
167 33173
168 33173
169 33173
170 33173
171 33173
172 33173
173 33194
174 33152
175 33173
176 33173
177 33173
178 33173
179 33173
180 33173
181 33173
182 33173
183 33173
184 33173
185 33530
