4172 165676
172841 221105
396939 1053380
1453312 1004819
2461124 930252
3394369 970691
4368053 1024655
5395701 1029318
6428012 965520
7396525 989915
8389433 1043678
9436104 1022157
10461254 990716
11454963 978764
12436720 1013728
13453441 889058
14345492 749646
15098131 923988
16025112 1048266
17076371 1005954
18085318 925545
19013856 1068538
20085387 1021889
21110269 961625
22074887 999166
23077046 993429
24073468 1028128
25104589 1001736
26109318 992315
27104626 909034
28016653 1085906
29105552 1030356
30138901 993241
31135135 919288
32057416 1034768
33095177 971521
34069691 1039081
35111765 1012844
36127602 1004710
37135305 1004338
38142636 1032826
39178455 983802
40165250 978195
41146438 1010975
42160406 991832
43155231 973421
44131645 1027747
45162385 925134
46090512 1068478
47161983 1013328
48178304 1009726
49191023 1027501
50221517 978663
51203173 1006075
52212241 991137
53206371 975856
54185220 976256
55164469 1040730
56208192 1017447
57228632 976593
58208218 1032231
59243442 948302
60194737 997850
61195580 1043262
62241835 989822
63234650 1030776
64268419 981539
65252951 1002207
66258151 987056
67248200 1002589
68253782 996160
69252935 1000221
70256149 997039
71256181 1045117
72304291 956569
73263853 1053478
74320324 949340
75272657 930284
76205934 1023864
77232791 965641
78201425 942716
79147134 1035525
80185652 1076694
81265339 1071342
82339674 962838
83305505 1000359
84308857 956445
85268295 1049678
86320966 813812
87137771 1066685
88207449 948817
89159259 1099641
90261893 1049589
91314475 980455
92297923 1035169
93336085 983757
94322835 992486
95318314 1001503
96322810 892372
97218175 991748
98212916 1027364
99243273 1022521
100268787 1036702
101308482 997419
102308894 1088972
103400859 977394
104381246 973638
105357877 1006874
106367744 1039979
107410716 983694
108397403 996389
109396785 938286
110338064 959560
111300617 1001895
112305505 1097310
113405808 978373
114387174 1045325
115435492 1022237
116460722 960979
117424694 1008516
118436203 1021818
119461014 958011
120422018 1033325
121458336 1014026
122475355 975967
123454315 1040657
124497965 952745
125453703 1017780
126474476 955113
127432582 933473
128369048 1116300
129488341 999332
130490666 905111
131398770 843452
132245215 1054459
133302667 1130352
134436012 942280
135381285 993875
136378153 881223
137262369 1081644
138347006 900243
139250242 1108065
140361300 1102991
141467284 995066
142465343 994713
143463049 986405
144452447 1124334
145579774 859477
146442244 1039181
147484418 1003314
148490725 983106
149476824 981885
150461702 1061433
151526128 898794
152427915 1086231
153517139 996333
154516465 965559
155485017 965567
156453577 1040789
157497359 996529
158496881 984845
159484719 1028535
160516247 972606
161491846 997213
162492052 994370
163489415 1005544
164497952 966695
165467640 1007280
166477913 1005131
167486037 960776
168449806 1065395
169518194 951691
170472878 1028442
171504313 1030153
172537459 1041553
173582005 898075
174483073 791810
175277876 856212
176137081 1000540
177140614 976821
178120428 950812
179074233 975615
180052841 731180
180785486 46327
