0
1
1 1986618469
184
1 0.000000 3.958333
1 4.000000 7.958333
1 8.000000 11.958333
1 12.000000 15.958333
1 16.000000 19.958333
1 20.000000 23.958333
1 24.000000 27.958333
1 28.000000 31.958333
1 32.000000 35.958333
1 36.000000 39.958333
1 40.000000 43.958333
1 44.000000 47.958333
1 48.000000 51.958333
1 52.000000 55.958333
1 56.000000 59.958333
1 60.000000 63.958333
1 64.000000 67.958333
1 68.000000 71.958333
1 72.000000 75.958333
1 76.000000 79.958333
1 80.000000 83.958333
1 84.000000 87.958333
1 88.000000 91.958333
1 92.000000 95.958333
1 96.000000 99.958333
1 100.000000 103.958333
1 104.000000 107.958333
1 108.000000 111.958333
1 112.000000 115.958333
1 116.000000 119.958333
1 120.000000 123.958333
1 124.000000 127.958333
1 128.000000 131.958333
1 132.000000 135.958333
1 136.000000 139.958333
1 140.000000 143.958333
1 144.000000 147.958333
1 148.000000 151.958333
1 152.000000 155.958333
1 156.000000 159.958333
1 160.000000 163.958333
1 164.000000 167.958333
1 168.000000 171.958333
1 172.000000 175.958333
1 176.000000 179.958333
1 180.000000 183.958333
1 184.000000 187.958333
1 188.000000 191.958333
1 192.000000 195.958333
1 196.000000 199.958333
1 200.000000 203.958333
1 204.000000 207.958333
1 208.000000 211.958333
1 212.000000 215.958333
1 216.000000 219.958333
1 220.000000 223.958333
1 224.000000 227.958333
1 228.000000 231.958333
1 232.000000 235.958333
1 236.000000 239.958333
1 240.000000 243.958333
1 244.000000 247.958333
1 248.000000 251.958333
1 252.000000 255.958333
1 256.000000 259.958333
1 260.000000 263.958333
1 264.000000 267.958333
1 268.000000 271.958333
1 272.000000 275.958333
1 276.000000 279.958333
1 280.000000 283.958333
1 284.000000 287.958333
1 288.000000 291.958333
1 292.000000 295.958333
1 296.000000 299.958333
1 300.000000 303.958333
1 304.000000 307.958333
1 308.000000 311.958333
1 312.000000 315.958333
1 316.000000 319.958333
1 320.000000 323.958333
1 324.000000 327.958333
1 328.000000 331.958333
1 332.000000 335.958333
1 336.000000 339.958333
1 340.000000 343.958333
1 344.000000 347.958333
1 348.000000 351.958333
1 352.000000 355.958333
1 356.000000 359.958333
1 360.000000 363.958333
1 364.000000 367.958333
1 368.000000 371.958333
1 372.000000 375.958333
1 376.000000 379.958333
1 380.000000 383.958333
1 384.000000 387.958333
1 388.000000 391.958333
1 392.000000 395.958333
1 396.000000 399.958333
1 400.000000 403.958333
1 404.000000 407.958333
1 408.000000 411.958333
1 412.000000 415.958333
1 416.000000 419.958333
1 420.000000 423.958333
1 424.000000 427.958333
1 428.000000 431.958333
1 432.000000 435.958333
1 436.000000 439.958333
1 440.000000 443.958333
1 444.000000 447.958333
1 448.000000 451.958333
1 452.000000 455.958333
1 456.000000 459.958333
1 460.000000 463.958333
1 464.000000 467.958333
1 468.000000 471.958333
1 472.000000 475.958333
1 476.000000 479.958333
1 480.000000 483.958333
1 484.000000 487.958333
1 488.000000 491.958333
1 492.000000 495.958333
1 496.000000 499.958333
1 500.000000 503.958333
1 504.000000 507.958333
1 508.000000 511.958333
1 512.000000 515.958333
1 516.000000 519.958333
1 520.000000 523.958333
1 524.000000 527.958333
1 528.000000 531.958333
1 532.000000 535.958333
1 536.000000 539.958333
1 540.000000 543.958333
1 544.000000 547.958333
1 548.000000 551.958333
1 552.000000 555.958333
1 556.000000 559.958333
1 560.000000 563.958333
1 564.000000 567.958333
1 568.000000 571.958333
1 572.000000 575.958333
1 576.000000 579.958333
1 580.000000 583.958333
1 584.000000 587.958333
1 588.000000 591.958333
1 592.000000 595.958333
1 596.000000 599.958333
1 600.000000 603.958333
1 604.000000 607.958333
1 608.000000 611.958333
1 612.000000 615.958333
1 616.000000 619.958333
1 620.000000 623.958333
1 624.000000 627.958333
1 628.000000 631.958333
1 632.000000 635.958333
1 636.000000 639.958333
1 640.000000 643.958333
1 644.000000 647.958333
1 648.000000 651.958333
1 652.000000 655.958333
1 656.000000 659.958333
1 660.000000 663.958333
1 664.000000 667.958333
1 668.000000 671.958333
1 672.000000 675.958333
1 676.000000 679.958333
1 680.000000 683.958333
1 684.000000 687.958333
1 688.000000 691.958333
1 692.000000 695.958333
1 696.000000 699.958333
1 700.000000 703.958333
1 704.000000 707.958333
1 708.000000 711.958333
1 712.000000 715.958333
1 716.000000 719.958333
1 720.000000 723.958333
1 724.000000 727.958333
1 728.000000 731.958333
1 732.000000 733.958333
