4172 118553
125718 150866
279577 783653
1066223 752940
1822156 712385
2537534 721376
3261903 766127
4031023 772521
4806537 726808
5536338 733454
6272785 790452
7066230 757669
7826892 744656
8574541 725404
9302938 785588
10091519 670385
10764897 567297
11335187 680430
12018610 796145
12817748 736604
13557345 699504
14259842 801086
15063921 774725
15841639 712794
16557426 753231
17313650 761564
18078207 763789
18844989 738470
19586452 758561
20348006 665451
21016450 831163
21850606 765439
22619038 754863
23376894 710314
24090201 739704
24832898 728839
25564730 790747
26358470 747636
27109099 746167
27858259 778510
28639762 755572
29398327 746695
30148015 745324
30896332 720146
31619471 751819
32374283 746112
33123388 756501
33882882 758599
34644474 752758
35400225 768603
36171821 754594
36929408 768302
37700703 732289
38435985 749391
39188369 751168
39942530 701030
40646553 745857
41395403 796944
42195340 771071
42969404 734007
43706404 753678
44463075 718785
45184853 736260
45924106 785020
46712119 752340
47467452 760025
48230470 742154
48975617 761555
49740165 741632
50484790 760130
51247913 716205
51967111 777415
52747519 743951
53494463 783965
54281421 730912
55015326 774870
55793189 725825
56522007 678614
57203614 745892
57952499 737188
58692680 718724
59414397 755810
60173200 806876
60983069 813411
61799473 746737
62549203 743697
63295893 703629
64002515 811198
64816706 593575
65413274 784507
66200774 716416
66920183 830241
67753417 800256
68556666 722850
69282509 778652
70064154 750876
70818023 727427
71548443 765385
72316821 658629
72978443 730653
73712089 788810
74503892 772816
75279701 770951
76053645 743264
76799902 820802
77623697 730579
78357269 726850
79087112 761124
79851229 777124
80631346 741717
81376056 753373
82132422 695830
82831245 741457
83575695 744577
84323265 820463
85146721 722157
85871871 777051
86651915 776506
87431414 723238
88157645 754930
88915568 765531
89684092 721342
90408427 772200
91183620 741602
91928215 744014
92675222 784185
93462400 709978
94175371 779472
94957836 711288
95672117 682214
96357324 853074
97213391 735853
97952237 682547
98637777 629760
99270530 769129
100042652 818784
100864429 716306
101583728 729385
102316106 659803
102978902 827845
103809740 686831
104499564 842241
105344798 801964
106149755 750031
106902779 731542
107637314 755177
108395484 834698
109233175 655859
109892027 776725
110671745 747379
111422117 736301
112161411 756354
112920758 783672
113707423 680489
114390905 803707
115197605 748972
115949570 751844
116704407 701436
117408836 776168
118187997 740269
118931259 751632
119685884 769288
120458165 728558
121189716 736719
121929428 758553
122690974 765098
123459065 742082
124204140 757473
124964606 752820
125720419 748770
126472182 731120
127206295 749702
127958990 755414
128717397 749025
129469415 783035
130255443 655778
130914214 505969
131423176 637109
132063278 741300
132807571 749597
133560161 726930
134290084 690774
134983851 549738
135535054 30781
