0 990
1 93916
2 135868
3 967126
4 1071725
5 833158
6 810170
7 921401
8 1057641
9 947082
10 949090
11 1109046
12 1162605
13 1036383
14 881343
15 903135
16 704893
17 448373
18 649263
19 1091600
20 1005546
21 875233
22 1156037
23 1117522
24 774342
25 963391
26 960444
27 1081944
28 1113602
29 1063090
30 732942
31 1087746
32 1119516
33 970666
34 782927
35 867531
36 1007944
37 1058891
38 1028650
39 1001514
40 1075818
41 1119265
42 1043981
43 1011921
44 908899
45 1019556
46 994543
47 1075589
48 856174
49 1044330
50 968412
51 1079348
52 1074419
53 1111470
54 981390
55 1120733
56 887619
57 770891
58 915425
59 938494
60 1043216
61 933743
62 890686
63 1009784
64 1100001
65 1049229
66 1148897
67 1017966
68 1061558
69 913286
70 962375
71 914564
72 1127912
73 1102659
74 1124807
75 917582
76 1118734
77 982930
78 893485
79 854558
80 754342
81 870577
82 915117
83 1099306
84 1177445
85 948009
86 1045003
87 977290
88 1121227
89 806624
90 895702
91 826567
92 1053841
93 1067190
94 1047022
95 1097528
96 1062551
97 914717
98 1035410
99 824439
100 848186
101 1054035
102 1037795
103 1059340
104 800127
105 1228031
106 1005853
107 885680
108 871960
109 1094020
110 1080604
111 947719
112 889889
113 885118
114 947055
115 1171433
116 954910
117 1179112
118 1148690
119 950679
120 1119600
121 819376
122 927407
123 1125546
124 1128435
125 926764
126 1175978
127 721541
128 1053205
129 945405
130 785315
131 1195795
132 1080084
133 773542
134 714140
135 989311
136 1106129
137 938152
138 978271
139 823200
140 993562
141 915979
142 988952
143 1242097
144 1040218
145 1031060
146 994428
147 1123281
148 850163
149 1159255
150 1031262
151 1098889
152 941853
153 1158440
154 799845
155 967508
156 987242
157 1001258
158 860529
159 962585
160 1117892
161 1154826
162 1074211
163 969655
164 1084855
165 1132649
166 1066877
167 1017430
168 1063550
169 1064822
170 1023728
171 1063368
172 1027175
173 1064837
174 953236
175 836423
176 834985
177 491352
178 693567
179 992350
180 1111055
181 961142
182 999143
183 867490
184 44562
