0 716
1 437
2 437
3 437
4 437
5 437
6 437
7 1061
8 812
9 776
10 1039
11 1087
12 470
13 756
14 450
15 450
16 729
17 439
18 439
19 439
20 439
21 439
22 439
23 439
24 439
25 439
26 439
27 439
28 439
29 439
30 724
31 445
32 445
33 738
34 453
35 445
36 445
37 445
38 445
39 445
40 445
41 445
42 445
43 445
44 445
45 445
46 445
47 445
48 716
49 730
50 1029
51 1034
52 469
53 448
54 728
55 440
56 710
57 968
58 692
59 957
60 708
61 713
62 723
63 441
64 441
65 441
66 441
67 441
68 441
69 441
70 441
71 441
72 441
73 441
74 432
75 991
76 712
77 435
78 435
79 435
80 709
81 731
82 741
83 459
84 459
85 755
86 732
87 1030
88 489
89 489
90 713
91 736
92 1020
93 706
94 944
95 684
96 960
97 976
98 981
99 441
100 421
101 421
102 688
103 692
104 429
105 699
106 693
107 427
108 697
109 435
110 435
111 435
112 435
113 435
114 435
115 435
116 435
117 435
118 435
119 435
120 435
121 435
122 435
123 435
124 700
125 425
126 689
127 714
128 443
129 443
130 725
131 446
132 446
133 446
134 719
135 716
136 443
137 443
138 443
139 443
140 709
141 720
142 730
143 436
144 436
145 436
146 436
147 436
148 436
149 436
150 436
151 436
152 436
153 436
154 436
155 436
156 436
157 436
158 436
159 436
160 436
161 436
162 436
163 436
164 436
165 436
166 436
167 436
168 436
169 436
170 436
171 436
172 436
173 436
174 436
175 436
176 436
177 436
178 436
179 436
180 436
181 436
182 436
183 436
184 694
