0 1059
1 168789
2 224098
3 1056373
4 1007812
5 933245
6 973684
7 1027648
8 1032311
9 968513
10 992908
11 1046671
12 1025150
13 993709
14 981757
15 1016721
16 892051
17 752639
18 926981
19 1051259
20 1008947
21 928538
22 1071531
23 1024882
24 964618
25 1002159
26 996422
27 1031121
28 1004729
29 995308
30 912027
31 1088899
32 1033349
33 996234
34 922281
35 1037761
36 974514
37 1042074
38 1015837
39 1007703
40 1007331
41 1035819
42 986795
43 981188
44 1013968
45 994825
46 976414
47 1030740
48 928127
49 1071471
50 1016321
51 1012719
52 1030494
53 981656
54 1009068
55 994130
56 978849
57 979249
58 1043723
59 1020440
60 979586
61 1035224
62 951295
63 1000843
64 1046255
65 992815
66 1033769
67 984532
68 1005200
69 990049
70 1005582
71 999153
72 1003214
73 1000032
74 1048110
75 959562
76 1056471
77 952333
78 933277
79 1026857
80 968634
81 945709
82 1038518
83 1079687
84 1074335
85 965831
86 1003352
87 959438
88 1052671
89 816805
90 1069678
91 951810
92 1102634
93 1052582
94 983448
95 1038162
96 986750
97 995479
98 1004496
99 895365
100 994741
101 1030357
102 1025514
103 1039695
104 1000412
105 1091965
106 980387
107 976631
108 1009867
109 1042972
110 986687
111 999382
112 941279
113 962553
114 1004888
115 1100303
116 981366
117 1048318
118 1025230
119 963972
120 1011509
121 1024811
122 961004
123 1036318
124 1017019
125 978960
126 1043650
127 955738
128 1020773
129 958106
130 936466
131 1119293
132 1002325
133 908104
134 846445
135 1057452
136 1133345
137 945273
138 996868
139 884216
140 1084637
141 903236
142 1111058
143 1105984
144 998059
145 997706
146 989398
147 1127327
148 862470
149 1042174
150 1006307
151 986099
152 984878
153 1064426
154 901787
155 1089224
156 999326
157 968552
158 968560
159 1043782
160 999522
161 987838
162 1031528
163 975599
164 1000206
165 997363
166 1008537
167 969688
168 1010273
169 1008124
170 963769
171 1068388
172 954684
173 1031435
174 1033146
175 1044546
176 901068
177 794803
178 859205
179 1003533
180 979814
181 953805
182 978608
183 734173
184 47792
