874 8
1054 8
1234 8
1414 8
1594 8
1786 48
2034 202
2428 180
2800 132
3120 120
3428 194
3806 60
4046 69
4299 69
4540 8
4740 55
4967 8
5147 8
5327 8
5507 8
5687 8
5867 8
6047 8
6227 8
6407 8
6587 8
6767 8
6947 8
7127 8
7327 60
7559 8
7739 8
7931 54
8169 54
8399 47
8618 8
8798 8
8978 8
9158 8
9338 8
9518 8
9698 8
9878 8
10058 8
10238 8
10418 8
10598 8
10790 40
11018 77
11283 107
11598 187
11969 95
12236 69
12485 47
12716 47
12947 40
13191 88
13463 42
13713 102
14003 54
14245 92
14529 102
14803 8
14983 8
15163 8
15343 8
15523 8
15703 8
15883 8
16063 8
16243 8
16423 8
16603 8
16791 39
17030 118
17340 91
17615 49
17836 8
18016 8
18212 86
18486 59
18729 79
18980 8
19160 8
19352 64
19608 101
19893 120
20193 81
20446 8
20642 88
20922 103
21225 89
21506 71
21785 93
22062 33
22283 75
22546 116
22862 112
23158 45
23383 28
23583 8
23775 35
23998 54
24224 8
24416 42
24658 77
24907 8
25111 95
25378 8
25558 8
25738 8
25918 8
26098 8
26278 8
26458 8
26638 8
26818 8
26998 8
27178 8
27358 8
27538 8
27718 8
27898 8
28098 41
28311 8
28499 37
28724 118
29014 8
29194 8
29382 51
29605 8
29785 8
29965 8
30153 62
30403 75
30650 8
30830 8
31010 8
31190 8
31382 31
31589 63
31840 56
32068 8
32248 8
32428 8
32608 8
32788 8
32968 8
33148 8
33328 8
33508 8
33688 8
33868 8
34048 8
34228 8
34408 8
34588 8
34768 8
34948 8
35128 8
35308 8
35488 8
35668 8
35848 8
36028 8
36208 8
36388 8
36568 8
36748 8
36928 8
37108 8
37288 8
37468 8
37648 8
37828 8
38008 8
38188 8
38368 8
38548 8
38728 8
38908 8
39088 8
39268 8
39460 26
