4172 61048
68213 79403
150609 378408
532010 351008
886011 321190
1210194 354088
1567275 348513
1918781 369794
2291568 341924
2636485 338958
2978436 365149
3346578 351224
3700795 352118
4055906 341544
4400443 366078
4769514 298587
5071094 252221
5326308 331766
5661067 364009
6028069 351896
6382958 327267
6713218 362829
7079040 365871
7447904 332700
7783597 353365
8139955 356064
8499012 357226
8859231 351627
9213851 345759
9562603 325690
9891286 370381
10264660 358615
10626268 348911
10978172 335327
11316492 334381
11653866 353074
12009933 373167
12386093 341070
12730156 363476
13096625 350935
13450553 352640
13806186 346616
14155795 340724
14499512 348589
14851094 354237
15208324 341385
15552702 355440
15911135 352487
16266615 346415
16616023 352354
16971370 363871
17338234 361086
17702313 341442
18046748 348105
18397846 353086
18753925 350909
19107827 327390
19438210 365711
19806914 363325
20173232 343637
20519862 345197
20868052 344568
21215613 346053
21564659 370107
21937759 343150
22283902 354425
22641320 351694
22996007 342566
23341566 356219
23700778 348483
24052254 349203
24404450 352932
24760375 345658
25109026 363264
25475283 330935
25809211 372081
26184285 346932
26534210 307092
26844295 352806
27200094 333082
27536169 345404
27884566 319179
28206738 398984
28608715 378075
28989783 342213
29334989 348012
29685994 322767
30011754 377241
30391988 316260
30711241 342676
31056910 330470
31390373 395748
31789114 368791
32160898 329587
32493478 369040
32865511 354702
33223206 338483
33564682 349911
33917586 302683
34223262 348745
34575000 378931
34956924 345784
35305701 355172
35663866 351225
36018084 382652
36403729 337126
36743848 344507
37091348 345172
37439513 364941
37807447 346730
38157170 360916
38521079 332060
38856132 350074
39209199 360129
39572321 359995
39935309 333201
40271503 364551
40639047 363384
41005424 329027
41337444 367388
41707825 349940
42060758 333630
42397381 365184
42765558 343470
43112021 352732
43467746 363748
43834487 332673
44170153 361274
44534420 342836
44880249 308183
45191425 401556
45595974 344792
45943759 321966
46268718 267160
46538871 352491
46894355 385302
47282650 320096
47605739 353251
47961983 305460
48270436 391647
48665076 322626
48990695 382102
49375790 376589
49755372 353813
50112178 336042
50451213 341710
50795916 412132
51211041 299866
51513900 360330
51877223 340785
52221001 349540
52573534 348856
52925383 353919
53282295 329059
53614347 386221
54003561 344448
54351002 350402
54704397 307385
55014775 376443
55394211 352829
55750033 346499
56099525 366180
56468698 348744
56820435 354168
57177596 339942
57520531 345623
57869147 347768
58219908 342689
58565590 349815
58918398 381056
59302447 318243
59623683 354308
59980984 359371
60343348 355346
60701687 349577
61054257 307675
61364925 216285
61584203 298183
61885379 355828
62244200 344461
62591654 327456
62922103 337831
63262927 263483
63527875 16035
