0 702
1 180
2 180
3 180
4 180
5 180
6 232
7 402
8 372
9 324
10 308
11 382
12 244
13 249
14 253
15 180
16 247
17 180
18 180
19 180
20 180
21 180
22 180
23 180
24 180
25 180
26 180
27 180
28 180
29 180
30 252
31 180
32 180
33 238
34 238
35 223
36 180
37 180
38 180
39 180
40 180
41 180
42 180
43 180
44 180
45 180
46 180
47 180
48 224
49 265
50 295
51 395
52 279
53 241
54 227
55 231
56 224
57 292
58 226
59 310
60 242
61 280
62 294
63 180
64 180
65 180
66 180
67 180
68 180
69 180
70 180
71 180
72 180
73 180
74 219
75 318
76 283
77 233
78 180
79 180
80 274
81 247
82 263
83 180
84 180
85 248
86 293
87 304
88 261
89 180
90 276
91 295
92 289
93 263
94 301
95 217
96 263
97 304
98 312
99 229
100 208
101 180
102 219
103 242
104 180
105 226
106 277
107 180
108 291
109 180
110 180
111 180
112 180
113 180
114 180
115 180
116 180
117 180
118 180
119 180
120 180
121 180
122 180
123 180
124 233
125 180
126 217
127 306
128 180
129 180
130 231
131 180
132 180
133 180
134 242
135 263
136 180
137 180
138 180
139 180
140 215
141 239
142 244
143 180
144 180
145 180
146 180
147 180
148 180
149 180
150 180
151 180
152 180
153 180
154 180
155 180
156 180
157 180
158 180
159 180
160 180
161 180
162 180
163 180
164 180
165 180
166 180
167 180
168 180
169 180
170 180
171 180
172 180
173 180
174 180
175 180
176 180
177 180
178 180
179 180
180 180
181 180
182 180
183 180
184 210
