0 702
1 180
2 180
3 180
4 180
5 180
6 239
7 499
8 455
9 369
10 341
11 418
12 255
13 294
14 298
15 180
16 265
17 180
18 180
19 180
20 180
21 180
22 180
23 180
24 180
25 180
26 180
27 180
28 180
29 180
30 255
31 180
32 180
33 271
34 271
35 239
36 180
37 180
38 180
39 180
40 180
41 180
42 180
43 180
44 180
45 180
46 180
47 180
48 225
49 282
50 320
51 428
52 292
53 240
54 245
55 249
56 228
57 307
58 223
59 323
60 252
61 310
62 334
63 180
64 180
65 180
66 180
67 180
68 180
69 180
70 180
71 180
72 180
73 180
74 225
75 327
76 307
77 252
78 180
79 180
80 323
81 266
82 278
83 180
84 180
85 264
86 314
87 357
88 313
89 180
90 298
91 328
92 331
93 290
94 312
95 224
96 279
97 338
98 356
99 253
100 210
101 180
102 231
103 251
104 180
105 224
106 284
107 180
108 336
109 180
110 180
111 180
112 180
113 180
114 180
115 180
116 180
117 180
118 180
119 180
120 180
121 180
122 180
123 180
124 245
125 180
126 222
127 326
128 180
129 180
130 245
131 180
132 180
133 180
134 238
135 274
136 180
137 180
138 180
139 180
140 224
141 233
142 253
143 180
144 180
145 180
146 180
147 180
148 180
149 180
150 180
151 180
152 180
153 180
154 180
155 180
156 180
157 180
158 180
159 180
160 180
161 180
162 180
163 180
164 180
165 180
166 180
167 180
168 180
169 180
170 180
171 180
172 180
173 180
174 180
175 180
176 180
177 180
178 180
179 180
180 180
181 180
182 180
183 180
184 210
