904 266
1342 266
1780 266
2218 266
2656 266
3106 533
3831 858
4873 601
5658 565
6415 801
7408 861
8441 293
8914 574
9660 281
10113 281
10578 542
11292 261
11725 261
12158 261
12591 261
13024 261
13457 261
13890 261
14323 261
14756 261
15189 261
15622 261
16055 261
16488 261
16933 534
17639 273
18084 273
18541 561
19274 288
19734 279
20185 279
20636 279
21087 279
21538 279
21989 279
22440 279
22891 279
23342 279
23793 279
24244 279
24695 279
25146 279
25609 540
26333 557
27082 856
28130 864
29166 317
29655 275
30114 544
30830 269
31283 522
31997 775
32956 505
33653 772
34609 525
35314 530
36028 547
36747 281
37200 281
37653 281
38106 281
38559 281
39012 281
39465 281
39918 281
40371 281
40824 281
41277 281
41730 264
42186 795
43165 542
43879 275
44326 275
44773 275
45224 534
45942 546
46672 548
47392 285
47849 285
48318 566
49068 540
49800 812
50784 296
51252 296
51724 560
52468 567
53227 833
54244 531
54967 759
55906 516
56614 779
57585 795
58572 801
59545 272
59989 251
60412 251
60847 506
61533 515
62220 260
62664 524
63368 518
64058 254
64488 519
65179 258
65609 258
66039 258
66469 258
66899 258
67329 258
67759 258
68189 258
68619 258
69049 258
69479 258
69909 258
70339 258
70769 258
71199 258
71641 510
72323 252
72755 508
73439 535
74146 272
74590 272
75042 551
75765 279
76216 279
76667 279
77126 552
77858 537
78567 264
79003 264
79439 264
79875 264
80323 522
81025 531
81736 543
82451 270
82893 270
83335 270
83777 270
84219 270
84661 270
85103 270
85545 270
85987 270
86429 270
86871 270
87313 270
87755 270
88197 270
88639 270
89081 270
89523 270
89965 270
90407 270
90849 270
91291 270
91733 270
92175 270
92617 270
93059 270
93501 270
93943 270
94385 270
94827 270
95269 270
95711 270
96153 270
96595 270
97037 270
97479 270
97921 270
98363 270
98805 270
99247 270
99689 270
100131 270
100585 516
