0 718
1 180
2 222
3 180
4 180
5 180
6 231
7 382
8 345
9 309
10 275
11 373
12 257
13 241
14 245
15 180
16 241
17 180
18 180
19 180
20 180
21 180
22 180
23 180
24 180
25 180
26 180
27 180
28 180
29 180
30 253
31 180
32 180
33 252
34 252
35 235
36 180
37 180
38 180
39 180
40 180
41 180
42 180
43 180
44 180
45 180
46 180
47 180
48 225
49 272
50 308
51 399
52 276
53 219
54 229
55 233
56 217
57 294
58 219
59 312
60 244
61 270
62 291
63 180
64 180
65 180
66 180
67 180
68 180
69 180
70 180
71 180
72 180
73 180
74 224
75 291
76 286
77 239
78 180
79 180
80 274
81 239
82 249
83 180
84 180
85 245
86 284
87 297
88 256
89 180
90 300
91 311
92 306
93 275
94 299
95 222
96 261
97 307
98 325
99 236
100 211
101 180
102 219
103 236
104 180
105 228
106 278
107 180
108 275
109 180
110 180
111 180
112 180
113 180
114 180
115 180
116 180
117 180
118 180
119 180
120 180
121 180
122 180
123 180
124 232
125 180
126 216
127 275
128 180
129 180
130 239
131 180
132 180
133 180
134 233
135 240
136 180
137 180
138 180
139 180
140 222
141 229
142 246
143 180
144 180
145 180
146 180
147 180
148 180
149 180
150 180
151 180
152 180
153 180
154 180
155 180
156 180
157 180
158 180
159 180
160 180
161 180
162 180
163 180
164 180
165 180
166 180
167 180
168 180
169 180
170 180
171 180
172 180
173 180
174 180
175 180
176 180
177 180
178 180
179 180
180 180
181 180
182 180
183 180
184 210
