0 716
1 441
2 441
3 441
4 441
5 441
6 441
7 1062
8 813
9 776
10 1043
11 1071
12 455
13 751
14 460
15 460
16 741
17 441
18 441
19 441
20 441
21 441
22 441
23 441
24 441
25 441
26 441
27 441
28 441
29 441
30 724
31 443
32 443
33 738
34 455
35 450
36 450
37 450
38 450
39 450
40 450
41 450
42 450
43 450
44 450
45 450
46 450
47 450
48 720
49 732
50 1035
51 1041
52 476
53 446
54 730
55 444
56 713
57 968
58 690
59 959
60 706
61 724
62 735
63 445
64 445
65 445
66 445
67 445
68 445
69 445
70 445
71 445
72 445
73 445
74 430
75 996
76 717
77 436
78 436
79 436
80 707
81 727
82 737
83 457
84 457
85 747
86 722
87 1024
88 487
89 487
90 714
91 749
92 1035
93 711
94 946
95 682
96 958
97 981
98 998
99 453
100 420
101 420
102 690
103 692
104 430
105 704
106 697
107 427
108 704
109 438
110 438
111 438
112 438
113 438
114 438
115 438
116 438
117 438
118 438
119 438
120 438
121 438
122 438
123 438
124 702
125 424
126 687
127 727
128 450
129 450
130 735
131 449
132 449
133 449
134 730
135 733
136 448
137 448
138 448
139 448
140 713
141 708
142 717
143 434
144 434
145 434
146 434
147 434
148 434
149 434
150 434
151 434
152 434
153 434
154 434
155 434
156 434
157 434
158 434
159 434
160 434
161 434
162 434
163 434
164 434
165 434
166 434
167 434
168 434
169 434
170 434
171 434
172 434
173 434
174 434
175 434
176 434
177 434
178 434
179 434
180 434
181 434
182 434
183 434
184 692
