0 991
1 64229
2 80442
3 382307
4 410708
5 314032
6 334029
7 392181
8 429693
9 378880
10 381890
11 449914
12 434921
13 381659
14 343595
15 401002
16 305877
17 227305
18 292681
19 440470
20 389934
21 323599
22 449107
23 437236
24 298422
25 393276
26 381770
27 443578
28 413779
29 412609
30 312840
31 439583
32 422445
33 372610
34 315927
35 341392
36 420235
37 419098
38 379698
39 411366
40 404638
41 428259
42 395257
43 400633
44 325492
45 391567
46 401093
47 425505
48 342455
49 425937
50 385565
51 436023
52 410364
53 426279
54 381348
55 412288
56 339374
57 342660
58 382519
59 385281
60 418012
61 368725
62 371781
63 416892
64 420426
65 410733
66 406651
67 393994
68 410952
69 368766
70 377783
71 378588
72 435116
73 434513
74 423083
75 340332
76 429709
77 372519
78 348192
79 376450
80 335694
81 351821
82 325222
83 402426
84 452118
85 394134
86 391711
87 375232
88 417809
89 346198
90 363393
91 329225
92 397848
93 427578
94 394120
95 426855
96 406705
97 352617
98 382725
99 338928
100 353932
101 443536
102 372652
103 440785
104 324614
105 476153
106 375254
107 369940
108 356450
109 436984
110 413461
111 376973
112 341309
113 358317
114 393053
115 461874
116 334848
117 458653
118 438439
119 368073
120 421309
121 322671
122 362589
123 446095
124 413449
125 378597
126 455472
127 297935
128 427691
129 370377
130 328988
131 454679
132 402627
133 303102
134 316690
135 400315
136 434572
137 373686
138 369834
139 337105
140 436459
141 372563
142 403131
143 448704
144 402929
145 387431
146 383158
147 416903
148 311871
149 444734
150 388583
151 419352
152 388373
153 439157
154 316356
155 402208
156 409065
157 405399
158 348845
159 391939
160 441546
161 395153
162 418829
163 392149
164 457778
165 376075
166 364987
167 389031
168 419031
169 402768
170 440277
171 386188
172 402348
173 384055
174 356229
175 349227
176 342443
177 238367
178 265186
179 418147
180 426300
181 351259
182 382962
183 339628
184 29226
