0
1
1 1986618469
184
1 0.000000 3.871698
1 3.913365 7.871730
1 7.913397 11.871762
1 11.913429 15.871794
1 15.913461 19.871826
1 19.913493 23.871858
1 23.913525 27.871890
1 27.913557 31.871922
1 31.913589 35.871954
1 35.913621 39.871986
1 39.913653 43.872018
1 43.913685 47.872050
1 47.913717 51.872082
1 51.913749 55.872114
1 55.913781 59.872146
1 59.913813 63.872178
1 63.913845 67.872210
1 67.913877 71.872242
1 71.913909 75.872274
1 75.913941 79.872306
1 79.913973 83.872338
1 83.914005 87.872370
1 87.914037 91.872402
1 91.914069 95.872434
1 95.914101 99.872466
1 99.914133 103.872498
1 103.914165 107.872530
1 107.914197 111.872562
1 111.914229 115.872594
1 115.914261 119.872626
1 119.914293 123.872658
1 123.914325 127.872690
1 127.914357 131.872722
1 131.914389 135.872754
1 135.914421 139.872786
1 139.914453 143.872818
1 143.914485 147.872850
1 147.914517 151.872882
1 151.914549 155.872914
1 155.914581 159.872946
1 159.914613 163.872978
1 163.914645 167.873010
1 167.914677 171.873042
1 171.914709 175.873074
1 175.914741 179.873106
1 179.914773 183.873138
1 183.914805 187.873170
1 187.914837 191.873202
1 191.914869 195.873234
1 195.914901 199.873266
1 199.914933 203.873298
1 203.914965 207.873330
1 207.914997 211.873362
1 211.915029 215.873394
1 215.915061 219.873426
1 219.915093 223.873458
1 223.915125 227.873490
1 227.915157 231.873522
1 231.915189 235.873554
1 235.915221 239.873586
1 239.915253 243.873618
1 243.915285 247.873650
1 247.915317 251.873682
1 251.915349 255.873714
1 255.915381 259.873746
1 259.915413 263.873778
1 263.915445 267.873810
1 267.915477 271.873842
1 271.915509 275.873874
1 275.915541 279.873906
1 279.915573 283.873938
1 283.915605 287.873970
1 287.915637 291.874002
1 291.915669 295.874034
1 295.915701 299.874066
1 299.915733 303.874098
1 303.915765 307.874130
1 307.915797 311.874162
1 311.915829 315.874194
1 315.915861 319.874226
1 319.915893 323.874258
1 323.915925 327.874290
1 327.915957 331.874322
1 331.915989 335.874354
1 335.916021 339.874386
1 339.916053 343.874418
1 343.916085 347.874450
1 347.916117 351.874482
1 351.916149 355.874514
1 355.916181 359.874546
1 359.916213 363.874578
1 363.916245 367.874610
1 367.916277 371.874642
1 371.916309 375.874674
1 375.916341 379.874706
1 379.916373 383.874738
1 383.916405 387.874770
1 387.916437 391.874802
1 391.916469 395.874834
1 395.916501 399.874866
1 399.916533 403.874898
1 403.916565 407.874930
1 407.916597 411.874962
1 411.916629 415.874994
1 415.916661 419.875026
1 419.916693 423.875058
1 423.916725 427.875090
1 427.916757 431.875122
1 431.916789 435.875154
1 435.916821 439.875186
1 439.916853 443.875218
1 443.916885 447.875250
1 447.916917 451.875282
1 451.916949 455.875314
1 455.916981 459.875346
1 459.917013 463.875378
1 463.917045 467.875410
1 467.917077 471.875442
1 471.917109 475.875474
1 475.917141 479.875506
1 479.917173 483.875538
1 483.917205 487.875570
1 487.917237 491.875602
1 491.917269 495.875634
1 495.917301 499.875666
1 499.917333 503.875698
1 503.917365 507.875730
1 507.917397 511.875762
1 511.917429 515.875794
1 515.917461 519.875826
1 519.917493 523.875858
1 523.917525 527.875890
1 527.917557 531.875922
1 531.917589 535.875954
1 535.917621 539.875986
1 539.917653 543.876018
1 543.917685 547.876050
1 547.917717 551.876082
1 551.917749 555.876114
1 555.917781 559.876146
1 559.917813 563.876178
1 563.917845 567.876210
1 567.917877 571.876242
1 571.917909 575.876274
1 575.917941 579.876306
1 579.917973 583.876338
1 583.918005 587.876370
1 587.918037 591.876402
1 591.918069 595.876434
1 595.918101 599.876466
1 599.918133 603.876498
1 603.918165 607.876530
1 607.918197 611.876562
1 611.918229 615.876594
1 615.918261 619.876626
1 619.918293 623.876658
1 623.918325 627.876690
1 627.918357 631.876722
1 631.918389 635.876754
1 635.918421 639.876786
1 639.918453 643.876818
1 643.918485 647.876850
1 647.918517 651.876882
1 651.918549 655.876914
1 655.918581 659.876946
1 659.918613 663.876978
1 663.918645 667.877010
1 667.918677 671.877042
1 671.918709 675.877074
1 675.918741 679.877106
1 679.918773 683.877138
1 683.918805 687.877170
1 687.918837 691.877202
1 691.918869 695.877234
1 695.918901 699.877266
1 699.918933 703.877298
1 703.918965 707.877330
1 707.918997 711.877362
1 711.919029 715.877394
1 715.919061 719.877426
1 719.919093 723.877458
1 723.919125 727.877490
1 727.919157 731.877522
1 731.919189 733.877538
