3182 31744
36355 31744
69528 31744
102701 31744
135874 31744
169047 31744
202220 31744
235393 31744
268566 31759
301754 31729
334912 31744
368085 31744
401258 31744
434431 31744
467604 31744
500777 31744
533950 31744
567123 31744
600296 31744
633469 31744
666642 31744
699815 31744
732988 31744
766161 31744
799334 31744
832507 31744
865680 31744
898853 31744
932026 31744
965199 31744
998372 31744
1031545 31744
1064718 31744
1097891 31744
1131064 31744
1164237 31744
1197410 31747
1230586 31784
1263799 31701
1296929 31744
1330102 31744
1363275 31744
1396448 31744
1429621 31744
1462794 31744
1495967 31744
1529140 31744
1562313 31744
1595486 31744
1628659 31744
1661832 31744
1695005 31744
1728178 31744
1761351 31744
1794524 31744
1827697 31744
1860870 31744
1894043 31744
1927216 31744
1960389 31748
1993566 31740
2026735 31744
2059908 31744
2093081 31744
2126254 31744
2159427 31744
2192600 31744
2225773 31744
2258946 31744
2292119 31744
2325292 31744
2358465 31744
2391638 31744
2424811 31763
2458003 31725
2491157 31744
2524330 31744
2557503 31744
2590676 31744
2623849 31744
2657022 31744
2690195 31744
2723368 31756
2756553 31732
2789714 31744
2822887 31744
2856060 31744
2889233 31744
2922406 31744
2955579 31793
2988801 31695
3021925 31744
3055098 31744
3088271 31744
3121444 31744
3154617 31744
3187790 31744
3220963 31744
3254136 31744
3287309 31745
3320483 31743
3353655 31744
3386828 31744
3420001 31744
3453174 31744
3486347 31744
3519520 31744
3552693 31744
3585866 31744
3619039 31744
3652212 31744
3685385 31744
3718558 31744
3751731 31744
3784904 31744
3818077 31744
3851250 31744
3884423 31744
3917596 31744
3950769 31744
3983942 31744
4017115 31744
4050288 31744
4083461 31744
4116634 31744
4149807 31744
4182980 31744
4216153 31744
4249326 31744
4282499 31744
4315672 31744
4348845 31744
4382018 31744
4415191 31744
4448364 31762
4481555 31726
4514710 31744
4547883 31744
4581056 31744
4614229 31744
4647402 31744
4680575 31744
4713748 31744
4746921 31744
4780094 31744
4813267 31744
4846440 31744
4879613 31744
4912786 31744
4945959 31744
4979132 31744
5012305 31744
5045478 31744
5078651 31744
5111824 31762
5145015 31726
5178170 31744
5211343 31744
5244516 31744
5277689 31744
5310862 31744
5344035 31744
5377208 31744
5410381 31744
5443554 31744
5476727 31744
5509900 31744
5543073 31744
5576246 31744
5609419 31744
5642592 31808
5675829 31680
5708938 31760
5742127 31728
5775284 31744
5808457 31744
5841630 31744
5874803 31744
5907976 31744
5941149 31744
5974322 31744
6007495 31744
6040668 31744
6073841 31744
6107030 32085
