888 269
1329 269
1770 269
2211 269
2652 269
3093 269
3554 870
4608 629
5421 592
6205 851
7248 879
8299 283
8762 571
9505 288
9965 288
10437 557
11166 269
11607 269
12048 269
12489 269
12930 269
13371 269
13812 269
14253 269
14694 269
15135 269
15576 269
16017 269
16458 269
16911 540
17623 271
18066 271
18521 554
19247 283
19702 278
20152 278
20602 278
21052 278
21502 278
21952 278
22402 278
22852 278
23302 278
23752 278
24202 278
24652 278
25102 278
25564 536
26284 548
27024 843
28059 849
29080 304
29556 274
30014 546
30732 272
31188 529
31909 776
32869 506
33567 767
34514 526
35220 544
35948 551
36671 273
37116 273
37561 273
38006 273
38451 273
38896 273
39341 273
39786 273
40231 273
40676 273
41121 273
41566 258
42016 804
43004 533
43709 264
44145 264
44581 264
45021 531
45736 543
46463 553
47188 285
47645 285
48114 563
48861 538
49591 832
50595 315
51082 315
51577 534
52295 565
53052 843
54079 527
54798 754
55732 502
56426 766
57384 789
58365 806
59343 281
59796 248
60216 248
60648 506
61330 516
62018 258
62460 520
63160 517
63849 255
64280 528
64980 266
65418 266
65856 266
66294 266
66732 266
67170 266
67608 266
68046 266
68484 266
68922 266
69360 266
69798 266
70236 266
70674 266
71112 266
71562 518
72252 252
72684 507
73367 551
74090 278
74540 278
74998 555
75725 277
76174 277
76623 277
77076 554
77810 553
78535 276
78983 276
79431 276
79879 276
80339 529
81048 528
81756 537
82465 262
82899 262
83333 262
83767 262
84201 262
84635 262
85069 262
85503 262
85937 262
86371 262
86805 262
87239 262
87673 262
88107 262
88541 262
88975 262
89409 262
89843 262
90277 262
90711 262
91145 262
91579 262
92013 262
92447 262
92881 262
93315 262
93749 262
94183 262
94617 262
95051 262
95485 262
95919 262
96353 262
96787 262
97221 262
97655 262
98089 262
98523 262
98957 262
99391 262
99825 262
100271 508
