0 990
1 45370
2 58006
3 201916
4 208576
5 159969
6 174949
7 206029
8 222062
9 190318
10 198912
11 216227
12 212502
13 204385
14 172767
15 206927
16 170305
17 129194
18 166355
19 214024
20 198929
21 160333
22 226541
23 217341
24 156502
25 196497
26 193929
27 231359
28 209037
29 191576
30 169459
31 225154
32 211945
33 186369
34 163836
35 184309
36 199033
37 210434
38 202105
39 205359
40 194706
41 216933
42 202365
43 196582
44 172807
45 199773
46 209764
47 199898
48 183245
49 224278
50 197571
51 216275
52 203020
53 221673
54 195322
55 200520
56 169324
57 177884
58 204361
59 197848
60 211226
61 187990
62 188655
63 215442
64 218240
65 200195
66 205022
67 196044
68 212856
69 188470
70 195062
71 187306
72 225108
73 213622
74 214693
75 168435
76 213185
77 188873
78 176144
79 197791
80 170586
81 191204
82 160829
83 190888
84 234812
85 199595
86 192545
87 191044
88 212020
89 180615
90 189600
91 172370
92 207441
93 211480
94 200600
95 213616
96 199231
97 182718
98 201370
99 171856
100 182878
101 224941
102 190468
103 221171
104 169653
105 239666
106 192035
107 186016
108 183190
109 226300
110 204886
111 198444
112 176362
113 188761
114 200983
115 239033
116 170776
117 228576
118 218882
119 179757
120 220548
121 165760
122 180122
123 230413
124 206515
125 194215
126 220169
127 154547
128 214659
129 193540
130 168083
131 231270
132 205649
133 158305
134 166534
135 205168
136 216589
137 185751
138 187877
139 174636
140 227327
141 186831
142 204364
143 223882
144 204096
145 191208
146 186712
147 219075
148 162450
149 226043
150 199069
151 208478
152 200278
153 212278
154 157658
155 215404
156 198378
157 198075
158 179036
159 206394
160 225143
161 201391
162 204925
163 201839
164 210580
165 201962
166 188817
167 207629
168 201259
169 199478
170 210023
171 212438
172 200789
173 197416
174 186502
175 177985
176 179636
177 132531
178 150346
179 204762
180 213473
181 181294
182 199372
183 182547
184 19321
