874 8
1054 8
1234 8
1414 8
1594 8
1786 55
2041 299
2532 263
2987 177
3352 153
3693 230
4107 71
4358 114
4656 114
4942 8
5142 73
5387 8
5567 8
5747 8
5927 8
6107 8
6287 8
6467 8
6647 8
6827 8
7007 8
7187 8
7367 8
7547 8
7747 63
7982 8
8162 8
8354 87
8625 87
8888 63
9123 8
9303 8
9483 8
9663 8
9843 8
10023 8
10203 8
10383 8
10563 8
10743 8
10923 8
11103 8
11295 41
11524 94
11806 132
12146 220
12550 108
12830 68
13078 65
13327 65
13576 44
13824 103
14111 39
14358 115
14661 64
14913 122
15227 142
15541 8
15721 8
15901 8
16081 8
16261 8
16441 8
16621 8
16801 8
16981 8
17161 8
17341 8
17529 45
17774 127
18093 115
18392 68
18632 8
18812 8
19008 135
19331 78
19593 94
19859 8
20039 8
20231 80
20503 122
20809 173
21162 133
21467 8
21663 110
21965 136
22301 131
22624 98
22930 104
23218 40
23446 91
23725 150
24075 156
24415 69
24664 30
24866 8
25058 47
25293 63
25528 8
25720 40
25960 84
26216 8
26420 140
26732 8
26912 8
27092 8
27272 8
27452 8
27632 8
27812 8
27992 8
28172 8
28352 8
28532 8
28712 8
28892 8
29072 8
29252 8
29452 53
29677 8
29865 42
30095 138
30405 8
30585 8
30773 65
31010 8
31190 8
31370 8
31558 58
31804 86
32062 8
32242 8
32422 8
32602 8
32794 40
33010 57
33255 65
33492 8
33672 8
33852 8
34032 8
34212 8
34392 8
34572 8
34752 8
34932 8
35112 8
35292 8
35472 8
35652 8
35832 8
36012 8
36192 8
36372 8
36552 8
36732 8
36912 8
37092 8
37272 8
37452 8
37632 8
37812 8
37992 8
38172 8
38352 8
38532 8
38712 8
38892 8
39072 8
39252 8
39432 8
39612 8
39792 8
39972 8
40152 8
40332 8
40512 8
40692 8
40884 26
