0
1
1 1986618469
184
1 0.000000 3.866697
1 3.908364 7.866729
1 7.908396 11.866761
1 11.908428 15.866793
1 15.908460 19.866825
1 19.908492 23.866857
1 23.908524 27.866889
1 27.908556 31.866921
1 31.908588 35.866953
1 35.908620 39.866985
1 39.908652 43.867017
1 43.908684 47.867049
1 47.908716 51.867081
1 51.908748 55.867113
1 55.908780 59.867145
1 59.908812 63.867177
1 63.908844 67.867209
1 67.908876 71.867241
1 71.908908 75.867273
1 75.908940 79.867305
1 79.908972 83.867337
1 83.909004 87.867369
1 87.909036 91.867401
1 91.909068 95.867433
1 95.909100 99.867465
1 99.909132 103.867497
1 103.909164 107.867529
1 107.909196 111.867561
1 111.909228 115.867593
1 115.909260 119.867625
1 119.909292 123.867657
1 123.909324 127.867689
1 127.909356 131.867721
1 131.909388 135.867753
1 135.909420 139.867785
1 139.909452 143.867817
1 143.909484 147.867849
1 147.909516 151.867881
1 151.909548 155.867913
1 155.909580 159.867945
1 159.909612 163.867977
1 163.909644 167.868009
1 167.909676 171.868041
1 171.909708 175.868073
1 175.909740 179.868105
1 179.909772 183.868137
1 183.909804 187.868169
1 187.909836 191.868201
1 191.909868 195.868233
1 195.909900 199.868265
1 199.909932 203.868297
1 203.909964 207.868329
1 207.909996 211.868361
1 211.910028 215.868393
1 215.910060 219.868425
1 219.910092 223.868457
1 223.910124 227.868489
1 227.910156 231.868521
1 231.910188 235.868553
1 235.910220 239.868585
1 239.910252 243.868617
1 243.910284 247.868649
1 247.910316 251.868681
1 251.910348 255.868713
1 255.910380 259.868745
1 259.910412 263.868777
1 263.910444 267.868809
1 267.910476 271.868841
1 271.910508 275.868873
1 275.910540 279.868905
1 279.910572 283.868937
1 283.910604 287.868969
1 287.910636 291.869001
1 291.910668 295.869033
1 295.910700 299.869065
1 299.910732 303.869097
1 303.910764 307.869129
1 307.910796 311.869161
1 311.910828 315.869193
1 315.910860 319.869225
1 319.910892 323.869257
1 323.910924 327.869289
1 327.910956 331.869321
1 331.910988 335.869353
1 335.911020 339.869385
1 339.911052 343.869417
1 343.911084 347.869449
1 347.911116 351.869481
1 351.911148 355.869513
1 355.911180 359.869545
1 359.911212 363.869577
1 363.911244 367.869609
1 367.911276 371.869641
1 371.911308 375.869673
1 375.911340 379.869705
1 379.911372 383.869737
1 383.911404 387.869769
1 387.911436 391.869801
1 391.911468 395.869833
1 395.911500 399.869865
1 399.911532 403.869897
1 403.911564 407.869929
1 407.911596 411.869961
1 411.911628 415.869993
1 415.911660 419.870025
1 419.911692 423.870057
1 423.911724 427.870089
1 427.911756 431.870121
1 431.911788 435.870153
1 435.911820 439.870185
1 439.911852 443.870217
1 443.911884 447.870249
1 447.911916 451.870281
1 451.911948 455.870313
1 455.911980 459.870345
1 459.912012 463.870377
1 463.912044 467.870409
1 467.912076 471.870441
1 471.912108 475.870473
1 475.912140 479.870505
1 479.912172 483.870537
1 483.912204 487.870569
1 487.912236 491.870601
1 491.912268 495.870633
1 495.912300 499.870665
1 499.912332 503.870697
1 503.912364 507.870729
1 507.912396 511.870761
1 511.912428 515.870793
1 515.912460 519.870825
1 519.912492 523.870857
1 523.912524 527.870889
1 527.912556 531.870921
1 531.912588 535.870953
1 535.912620 539.870985
1 539.912652 543.871017
1 543.912684 547.871049
1 547.912716 551.871081
1 551.912748 555.871113
1 555.912780 559.871145
1 559.912812 563.871177
1 563.912844 567.871209
1 567.912876 571.871241
1 571.912908 575.871273
1 575.912940 579.871305
1 579.912972 583.871337
1 583.913004 587.871369
1 587.913036 591.871401
1 591.913068 595.871433
1 595.913100 599.871465
1 599.913132 603.871497
1 603.913164 607.871529
1 607.913196 611.871561
1 611.913228 615.871593
1 615.913260 619.871625
1 619.913292 623.871657
1 623.913324 627.871689
1 627.913356 631.871721
1 631.913388 635.871753
1 635.913420 639.871785
1 639.913452 643.871817
1 643.913484 647.871849
1 647.913516 651.871881
1 651.913548 655.871913
1 655.913580 659.871945
1 659.913612 663.871977
1 663.913644 667.872009
1 667.913676 671.872041
1 671.913708 675.872073
1 675.913740 679.872105
1 679.913772 683.872137
1 683.913804 687.872169
1 687.913836 691.872201
1 691.913868 695.872233
1 695.913900 699.872265
1 699.913932 703.872297
1 703.913964 707.872329
1 707.913996 711.872361
1 711.914028 715.872393
1 715.914060 719.872425
1 719.914092 723.872457
1 723.914124 727.872489
1 727.914156 731.872521
1 731.914188 733.872537
