0 716
1 440
2 440
3 440
4 440
5 440
6 440
7 1075
8 822
9 769
10 1037
11 1067
12 452
13 749
14 461
15 461
16 740
17 439
18 439
19 439
20 439
21 439
22 439
23 439
24 439
25 439
26 439
27 439
28 439
29 439
30 723
31 444
32 444
33 730
34 446
35 439
36 439
37 439
38 439
39 439
40 439
41 439
42 439
43 439
44 439
45 439
46 439
47 439
48 711
49 733
50 1028
51 1052
52 492
53 474
54 753
55 439
56 711
57 972
58 696
59 962
60 707
61 720
62 730
63 447
64 447
65 447
66 447
67 447
68 447
69 447
70 447
71 447
72 447
73 447
74 431
75 1009
76 723
77 441
78 441
79 441
80 710
81 733
82 754
83 471
84 471
85 767
86 733
87 1022
88 478
89 478
90 716
91 740
92 1016
93 703
94 953
95 686
96 968
97 984
98 980
99 437
100 420
101 420
102 687
103 701
104 438
105 712
106 697
107 427
108 711
109 441
110 441
111 441
112 441
113 441
114 441
115 441
116 441
117 441
118 441
119 441
120 441
121 441
122 441
123 441
124 706
125 425
126 690
127 742
128 459
129 459
130 738
131 443
132 443
133 443
134 733
135 749
136 459
137 459
138 459
139 459
140 722
141 714
142 731
143 440
144 440
145 440
146 440
147 440
148 440
149 440
150 440
151 440
152 440
153 440
154 440
155 440
156 440
157 440
158 440
159 440
160 440
161 440
162 440
163 440
164 440
165 440
166 440
167 440
168 440
169 440
170 440
171 440
172 440
173 440
174 440
175 440
176 440
177 440
178 440
179 440
180 440
181 440
182 440
183 440
184 698
