3179 31744
36352 31744
69525 31744
102698 31744
135871 31744
169044 31744
202217 31744
235390 31744
268563 31763
301755 31725
334909 31744
368082 31744
401255 31744
434428 31744
467601 31744
500774 31744
533947 31744
567120 31744
600293 31744
633466 31744
666639 31744
699812 31744
732985 31744
766158 31744
799331 31744
832504 31744
865677 31744
898850 31744
932023 31744
965196 31744
998369 31744
1031542 31744
1064715 31744
1097888 31744
1131061 31744
1164234 31744
1197407 31744
1230580 31744
1263753 31744
1296926 31744
1330099 31744
1363272 31744
1396445 31744
1429618 31744
1462791 31744
1495964 31744
1529137 31744
1562310 31744
1595483 31744
1628656 31744
1661829 31744
1695002 31744
1728175 31744
1761348 31744
1794521 31744
1827694 31744
1860867 31744
1894040 31744
1927213 31744
1960386 31799
1993614 31689
2026732 31744
2059905 31744
2093078 31744
2126251 31744
2159424 31744
2192597 31763
2225789 31725
2258943 31744
2292116 31744
2325289 31744
2358462 31744
2391635 31744
2424808 31744
2457981 31744
2491154 31744
2524327 31744
2557500 31744
2590673 31744
2623846 31744
2657019 31744
2690192 31744
2723365 31772
2756566 31716
2789711 31744
2822884 31744
2856057 31744
2889230 31744
2922403 31771
2955603 31730
2988762 31731
3021922 31744
3055095 31744
3088268 31744
3121441 31744
3154614 31744
3187787 31744
3220960 31744
3254133 31744
3287306 31744
3320479 31744
3353652 31744
3386825 31744
3419998 31744
3453171 31744
3486344 31744
3519517 31744
3552690 31744
3585863 31744
3619036 31744
3652209 31744
3685382 31744
3718555 31744
3751728 31744
3784901 31744
3818074 31744
3851247 31744
3884420 31744
3917593 31744
3950766 31744
3983939 31744
4017112 31744
4050285 31744
4083458 31744
4116631 31744
4149804 31744
4182977 31744
4216150 31744
4249323 31744
4282496 31744
4315669 31744
4348842 31744
4382015 31744
4415188 31744
4448361 31744
4481534 31744
4514707 31744
4547880 31744
4581053 31744
4614226 31744
4647399 31744
4680572 31744
4713745 31744
4746918 31744
4780091 31744
4813264 31744
4846437 31744
4879610 31744
4912783 31744
4945956 31744
4979129 31744
5012302 31744
5045475 31744
5078648 31744
5111821 31765
5145015 31747
5178191 31720
5211340 31744
5244513 31744
5277686 31744
5310859 31744
5344032 31744
5377205 31744
5410378 31744
5443551 31744
5476724 31744
5509897 31744
5543070 31744
5576243 31744
5609416 31744
5642589 31744
5675762 31744
5708935 31765
5742129 31723
5775281 31744
5808454 31744
5841627 31744
5874800 31744
5907973 31744
5941146 31744
5974319 31744
6007492 31744
6040665 31744
6073838 31744
6107027 32085
