4089 90817
97903 132871
233771 964129
1200897 1068728
2272622 830161
3105780 807173
3915950 918404
4837351 1054644
5894992 944085
6842074 946093
7791164 1106049
8900210 1159608
10062815 1033386
11099198 878346
11980541 900138
12883676 701896
13588569 445376
14036942 646266
14686205 1088603
15777805 1002549
16783351 872236
17658584 1153040
18814621 1114525
19932143 771345
20706485 960394
21669876 957447
22630320 1078947
23712264 1110605
24825866 1060093
25888956 729945
26621898 1084749
27709644 1116519
28829160 967669
29799826 779930
30582753 864534
31450284 1004947
32458228 1055894
33517119 1025653
34545769 998517
35547283 1072821
36623101 1116268
37742366 1040984
38786347 1008924
39798268 905902
40707167 1016559
41726723 991546
42721266 1072592
43796855 853177
44653029 1041333
45697359 965415
46665771 1076351
47745119 1071422
48819538 1108473
49931008 978393
50912398 1117736
52033131 884622
52920750 767894
53691641 912428
54607066 935497
55545560 1040219
56588776 930746
57522519 887689
58413205 1006787
59422989 1097004
60522990 1046232
61572219 1145900
62721116 1014969
63739082 1058561
64800640 910289
65713926 959378
66676301 911567
67590865 1124915
68718777 1099662
69821436 1121810
70946243 914585
71863825 1115737
72982559 979933
73965489 890488
74858974 851561
75713532 751345
76467874 867580
77338451 912120
78253568 1096309
79352874 1174448
80530319 945012
81478328 1042006
82523331 974293
83500621 1118230
84621848 803627
85428472 892705
86324174 823570
87150741 1050844
88204582 1064193
89271772 1044025
90318794 1094531
91416322 1059554
92478873 911720
93393590 1032413
94429000 821442
95253439 845189
96101625 1051038
97155660 1034798
98193455 1056343
99252795 797130
100052922 1225034
101280953 1002856
102286806 882683
103172486 868963
104044446 1091023
105138466 1077607
106219070 944722
107166789 886892
108056678 882121
108941796 944058
109888851 1168436
111060284 951913
112015194 1176115
113194306 1145693
114342996 947682
115293675 1116603
116413275 816379
117232651 924410
118160058 1122549
119285604 1125438
120414039 923767
121340803 1172981
122516781 718544
123238322 1050208
124291527 942408
125236932 782318
126022247 1192798
127218042 1077087
128298126 770545
129071668 711143
129785808 986314
130775119 1103132
131881248 935155
132819400 975274
133797671 820203
134620871 990565
135614433 912982
136530412 985955
137519364 1239100
138761461 1037221
139801679 1028063
140832739 991431
141827167 1120284
142950448 847166
143800611 1156258
144959866 1028265
145991128 1095892
147090017 938856
148031870 1155443
149190310 796848
149990155 964511
150957663 984245
151944905 998261
152946163 857532
153806692 959588
154769277 1114895
155887169 1151829
157041995 1071214
158116206 966658
159085861 1081858
160170716 1129652
161303365 1063880
162370242 1014433
163387672 1060553
164451222 1061825
165516044 1020731
166539772 1060371
167603140 1024178
168630315 1061840
169695152 950239
170648388 833426
171484811 831988
172319796 488355
172811148 690570
173504715 989353
174497065 1108058
175608120 958145
176569262 996146
177568405 864493
178434367 43093
