0
1
1 1936684398
185
1 0.000000 3.925333
1 3.968000 7.893333
1 7.936000 11.861333
1 11.904000 15.829333
1 15.872000 19.797333
1 19.840000 23.765333
1 23.808000 27.733333
1 27.776000 31.701333
1 31.744000 35.669333
1 35.712000 39.637333
1 39.680000 43.605333
1 43.648000 47.573333
1 47.616000 51.541333
1 51.584000 55.509333
1 55.552000 59.477333
1 59.520000 63.445333
1 63.488000 67.413333
1 67.456000 71.381333
1 71.424000 75.349333
1 75.392000 79.317333
1 79.360000 83.285333
1 83.328000 87.253333
1 87.296000 91.221333
1 91.264000 95.189333
1 95.232000 99.157333
1 99.200000 103.125333
1 103.168000 107.093333
1 107.136000 111.061333
1 111.104000 115.029333
1 115.072000 118.997333
1 119.040000 122.965333
1 123.008000 126.933333
1 126.976000 130.901333
1 130.944000 134.869333
1 134.912000 138.837333
1 138.880000 142.805333
1 142.848000 146.773333
1 146.816000 150.741333
1 150.784000 154.709333
1 154.752000 158.677333
1 158.720000 162.645333
1 162.688000 166.613333
1 166.656000 170.581333
1 170.624000 174.549333
1 174.592000 178.517333
1 178.560000 182.485333
1 182.528000 186.453333
1 186.496000 190.421333
1 190.464000 194.389333
1 194.432000 198.357333
1 198.400000 202.325333
1 202.368000 206.293333
1 206.336000 210.261333
1 210.304000 214.229333
1 214.272000 218.197333
1 218.240000 222.165333
1 222.208000 226.133333
1 226.176000 230.101333
1 230.144000 234.069333
1 234.112000 238.037333
1 238.080000 242.005333
1 242.048000 245.973333
1 246.016000 249.941333
1 249.984000 253.909333
1 253.952000 257.877333
1 257.920000 261.845333
1 261.888000 265.813333
1 265.856000 269.781333
1 269.824000 273.749333
1 273.792000 277.717333
1 277.760000 281.685333
1 281.728000 285.653333
1 285.696000 289.621333
1 289.664000 293.589333
1 293.632000 297.557333
1 297.600000 301.525333
1 301.568000 305.493333
1 305.536000 309.461333
1 309.504000 313.429333
1 313.472000 317.397333
1 317.440000 321.365333
1 321.408000 325.333333
1 325.376000 329.301333
1 329.344000 333.269333
1 333.312000 337.237333
1 337.280000 341.205333
1 341.248000 345.173333
1 345.216000 349.141333
1 349.184000 353.109333
1 353.152000 357.077333
1 357.120000 361.045333
1 361.088000 365.013333
1 365.056000 368.981333
1 369.024000 372.949333
1 372.992000 376.917333
1 376.960000 380.885333
1 380.928000 384.853333
1 384.896000 388.821333
1 388.864000 392.789333
1 392.832000 396.757333
1 396.800000 400.725333
1 400.768000 404.693333
1 404.736000 408.661333
1 408.704000 412.629333
1 412.672000 416.597333
1 416.640000 420.565333
1 420.608000 424.533333
1 424.576000 428.501333
1 428.544000 432.469333
1 432.512000 436.437333
1 436.480000 440.405333
1 440.448000 444.373333
1 444.416000 448.341333
1 448.384000 452.309333
1 452.352000 456.277333
1 456.320000 460.245333
1 460.288000 464.213333
1 464.256000 468.181333
1 468.224000 472.149333
1 472.192000 476.117333
1 476.160000 480.085333
1 480.128000 484.053333
1 484.096000 488.021333
1 488.064000 491.989333
1 492.032000 495.957333
1 496.000000 499.925333
1 499.968000 503.893333
1 503.936000 507.861333
1 507.904000 511.829333
1 511.872000 515.797333
1 515.840000 519.765333
1 519.808000 523.733333
1 523.776000 527.701333
1 527.744000 531.669333
1 531.712000 535.637333
1 535.680000 539.605333
1 539.648000 543.573333
1 543.616000 547.541333
1 547.584000 551.509333
1 551.552000 555.477333
1 555.520000 559.445333
1 559.488000 563.413333
1 563.456000 567.381333
1 567.424000 571.349333
1 571.392000 575.317333
1 575.360000 579.285333
1 579.328000 583.253333
1 583.296000 587.221333
1 587.264000 591.189333
1 591.232000 595.157333
1 595.200000 599.125333
1 599.168000 603.093333
1 603.136000 607.061333
1 607.104000 611.029333
1 611.072000 614.997333
1 615.040000 618.965333
1 619.008000 622.933333
1 622.976000 626.901333
1 626.944000 630.869333
1 630.912000 634.837333
1 634.880000 638.805333
1 638.848000 642.773333
1 642.816000 646.741333
1 646.784000 650.709333
1 650.752000 654.677333
1 654.720000 658.645333
1 658.688000 662.613333
1 662.656000 666.581333
1 666.624000 670.549333
1 670.592000 674.517333
1 674.560000 678.485333
1 678.528000 682.453333
1 682.496000 686.421333
1 686.464000 690.389333
1 690.432000 694.357333
1 694.400000 698.325333
1 698.368000 702.293333
1 702.336000 706.261333
1 706.304000 710.229333
1 710.272000 714.197333
1 714.240000 718.165333
1 718.208000 722.133333
1 722.176000 726.101333
1 726.144000 730.069333
1 730.112000 734.080000
