0 1075
1 97284
2 112496
3 477359
4 456748
5 419951
6 453595
7 450660
8 470455
9 442781
10 442269
11 471673
12 462011
13 448321
14 444032
15 469705
16 383235
17 289001
18 414021
19 472518
20 449719
21 424547
22 473360
23 467310
24 445666
25 444990
26 464864
27 457623
28 445482
29 456612
30 421362
31 485055
32 460551
33 445491
34 428314
35 444082
36 472477
37 466252
38 434065
39 476159
40 450060
41 462337
42 449820
43 453994
44 430873
45 471450
46 426670
47 466155
48 438200
49 467035
50 465178
51 463445
52 457923
53 451369
54 450097
55 452643
56 438276
57 435149
58 483417
59 461402
60 452662
61 453444
62 445691
63 433059
64 473197
65 452877
66 455642
67 452813
68 454405
69 454022
70 461108
71 431917
72 460642
73 456014
74 470282
75 431340
76 487043
77 433867
78 413255
79 453699
80 427092
81 442012
82 418149
83 505696
84 494552
85 448999
86 442729
87 428917
88 491985
89 385182
90 449947
91 424589
92 523980
93 467853
94 434418
95 469833
96 458410
97 437032
98 455900
99 395237
100 441395
101 485348
102 456911
103 464893
104 455813
105 495553
106 435423
107 447007
108 452981
109 471604
110 442648
111 462907
112 426923
113 448296
114 472189
115 468604
116 428427
117 473173
118 470218
119 424331
120 474827
121 454649
122 440020
123 461709
124 444722
125 459603
126 469892
127 428825
128 462731
129 440516
130 410669
131 514470
132 445435
133 421626
134 369201
135 485819
136 497363
137 422410
138 454264
139 393712
140 500845
141 413618
142 502726
143 486089
144 460074
145 433131
146 445141
147 518173
148 400059
149 463377
150 449795
151 449527
152 444425
153 476635
154 422200
155 486035
156 445429
157 464955
158 426620
159 459115
160 443136
161 457055
162 460621
163 445271
164 459845
165 451571
166 420851
167 478103
168 416995
169 458872
170 485627
171 452236
172 438342
173 448156
174 472115
175 459245
176 401434
177 312206
178 387974
179 446420
180 459586
181 419894
182 436930
183 342313
184 27530
