4089 42271
49357 55009
107363 198919
309279 205579
517855 156972
677824 171952
852773 203032
1058802 219065
1280864 187321
1471182 195915
1670094 213230
1886321 209505
2098823 201388
2303208 169770
2475975 203930
2682902 167308
2853207 126197
2982401 163358
3148756 211027
3362780 195932
3561709 157336
3722042 223544
3948583 214344
4165924 153505
4322426 193500
4518923 190932
4712852 228362
4944211 206040
5153248 188579
5344824 166462
5514283 222157
5739437 208948
5951382 183372
6137751 160839
6301587 181312
6485896 196036
6684929 207437
6895363 199108
7097468 202362
7302827 191709
7497533 213936
7714466 199368
7916831 193585
8113413 169810
8286220 196776
8485993 206767
8695757 196901
8895655 180248
9078900 221281
9303178 194574
9500749 213278
9717024 200023
9920044 218676
10141717 192325
10337039 197523
10537559 166327
10706883 174887
10884767 201364
11089128 194851
11286976 208229
11498202 184993
11686192 185658
11874847 212445
12090289 215243
12308529 197198
12508724 202025
12713746 193047
12909790 209859
13122646 185473
13311116 192065
13506178 184309
13693484 222111
13918592 210625
14132214 211696
14346907 165438
14515342 210188
14728527 185876
14917400 173147
15093544 194794
15291335 167589
15461921 188207
15653125 157832
15813954 187891
16004842 231815
16239654 196598
16439249 189548
16631794 188047
16822838 209023
17034858 177618
17215473 186603
17405073 169373
17577443 204444
17784884 208483
17996364 197603
18196964 210619
18410580 196234
18609811 179721
18792529 198373
18993899 168859
19165755 179881
19348633 221944
19573574 187471
19764042 218174
19985213 166656
20154866 236669
20394532 189038
20586567 183019
20772583 180193
20955773 223303
21182073 201889
21386959 195447
21585403 173365
21761765 185764
21950526 197986
22151509 236036
22390542 167779
22561318 225579
22789894 215885
23008776 176760
23188533 217551
23409081 162763
23574841 177125
23754963 227416
23985376 203518
24191891 191218
24386106 217172
24606275 151550
24760822 211662
24975481 190543
25169021 165086
25337104 228273
25568374 202652
25774023 155308
25932328 163537
26098862 202171
26304030 213592
26520619 182754
26706370 184880
26894247 171639
27068883 224330
27296210 183834
27483041 201367
27687405 220885
27911287 201099
28115383 188211
28306591 183715
28493303 216078
28712378 159453
28874828 223046
29100871 196072
29299940 205481
29508418 197281
29708696 209281
29920974 154661
30078632 212407
30294036 195381
30492414 195078
30690489 176039
30869525 203397
31075919 222146
31301062 198394
31502453 201928
31707378 198842
31909217 207583
32119797 198965
32321759 185820
32510576 204632
32718205 198262
32919464 196481
33118942 207026
33328965 209441
33541403 197792
33742192 194419
33939608 183505
34126110 174988
34304095 176639
34483731 129534
34616262 147349
34766608 201765
34971370 210476
35184843 178297
35366137 196375
35565509 179550
35746528 17852
