874 8
1054 8
1234 8
1414 8
1594 8
1786 45
2031 188
2411 174
2777 139
3104 118
3422 209
3815 73
4068 58
4310 58
4540 8
4740 55
4967 8
5147 8
5327 8
5507 8
5687 8
5867 8
6047 8
6227 8
6407 8
6587 8
6767 8
6947 8
7127 8
7327 61
7560 8
7740 8
7932 61
8177 61
8414 53
8639 8
8819 8
8999 8
9179 8
9359 8
9539 8
9719 8
9899 8
10079 8
10259 8
10439 8
10619 8
10811 39
11038 75
11301 110
11619 169
11972 72
12216 48
12444 48
12676 48
12908 38
13150 86
13420 38
13666 97
13951 54
14193 85
14470 91
14733 8
14913 8
15093 8
15273 8
15453 8
15633 8
15813 8
15993 8
16173 8
16353 8
16533 8
16721 40
16961 99
17252 80
17516 43
17731 8
17911 8
18107 85
18380 58
18622 67
18861 8
19041 8
19233 64
19489 100
19773 129
20082 92
20346 8
20542 85
20819 99
21118 96
21406 74
21688 84
21956 32
22176 68
22432 108
22740 113
23037 49
23266 29
23467 8
23659 35
23882 45
24099 8
24291 38
24529 73
24774 8
24978 81
25231 8
25411 8
25591 8
25771 8
25951 8
26131 8
26311 8
26491 8
26671 8
26851 8
27031 8
27211 8
27391 8
27571 8
27751 8
27951 41
28164 8
28352 36
28576 90
28838 8
29018 8
29206 54
29432 8
29612 8
29792 8
29980 45
30213 59
30444 8
30624 8
30804 8
30984 8
31176 34
31386 66
31640 52
31864 8
32044 8
32224 8
32404 8
32584 8
32764 8
32944 8
33124 8
33304 8
33484 8
33664 8
33844 8
34024 8
34204 8
34384 8
34564 8
34744 8
34924 8
35104 8
35284 8
35464 8
35644 8
35824 8
36004 8
36184 8
36364 8
36544 8
36724 8
36904 8
37084 8
37264 8
37444 8
37624 8
37804 8
37984 8
38164 8
38344 8
38524 8
38704 8
38884 8
39064 8
39256 26
