0 1059
1 121666
2 153859
3 786646
4 755933
5 715378
6 724369
7 769120
8 775514
9 729801
10 736447
11 793445
12 760662
13 747649
14 728397
15 788581
16 673378
17 570290
18 683423
19 799138
20 739597
21 702497
22 804079
23 777718
24 715787
25 756224
26 764557
27 766782
28 741463
29 761554
30 668444
31 834156
32 768432
33 757856
34 713307
35 742697
36 731832
37 793740
38 750629
39 749160
40 781503
41 758565
42 749688
43 748317
44 723139
45 754812
46 749105
47 759494
48 761592
49 755751
50 771596
51 757587
52 771295
53 735282
54 752384
55 754161
56 704023
57 748850
58 799937
59 774064
60 737000
61 756671
62 721778
63 739253
64 788013
65 755333
66 763018
67 745147
68 764548
69 744625
70 763123
71 719198
72 780408
73 746944
74 786958
75 733905
76 777863
77 728818
78 681607
79 748885
80 740181
81 721717
82 758803
83 809869
84 816404
85 749730
86 746690
87 706622
88 814191
89 596568
90 787500
91 719409
92 833234
93 803249
94 725843
95 781645
96 753869
97 730420
98 768378
99 661622
100 733646
101 791803
102 775809
103 773944
104 746257
105 823795
106 733572
107 729843
108 764117
109 780117
110 744710
111 756366
112 698823
113 744450
114 747570
115 823456
116 725150
117 780044
118 779499
119 726231
120 757923
121 768524
122 724335
123 775193
124 744595
125 747007
126 787178
127 712971
128 782465
129 714281
130 685207
131 856067
132 738846
133 685540
134 632753
135 772122
136 821777
137 719299
138 732378
139 662796
140 830838
141 689824
142 845234
143 804957
144 753024
145 734535
146 758170
147 837691
148 658852
149 779718
150 750372
151 739294
152 759347
153 786665
154 683482
155 806700
156 751965
157 754837
158 704429
159 779161
160 743262
161 754625
162 772281
163 731551
164 739712
165 761546
166 768091
167 745075
168 760466
169 755813
170 751763
171 734113
172 752695
173 758407
174 752018
175 786028
176 658771
177 508962
178 640102
179 744293
180 752590
181 729923
182 693767
183 552731
184 32246
