0 702
1 180
2 180
3 180
4 180
5 180
6 229
7 388
8 366
9 331
10 306
11 409
12 257
13 238
14 242
15 180
16 247
17 180
18 180
19 180
20 180
21 180
22 180
23 180
24 180
25 180
26 180
27 180
28 180
29 180
30 253
31 180
32 180
33 245
34 245
35 229
36 180
37 180
38 180
39 180
40 180
41 180
42 180
43 180
44 180
45 180
46 180
47 180
48 223
49 263
50 298
51 377
52 256
53 220
54 228
55 232
56 222
57 290
58 222
59 305
60 242
61 273
62 283
63 180
64 180
65 180
66 180
67 180
68 180
69 180
70 180
71 180
72 180
73 180
74 220
75 299
76 272
77 227
78 180
79 180
80 273
81 246
82 251
83 180
84 180
85 248
86 292
87 313
88 272
89 180
90 273
91 291
92 296
93 266
94 292
95 216
96 256
97 296
98 313
99 233
100 209
101 180
102 219
103 233
104 180
105 222
106 273
107 180
108 277
109 180
110 180
111 180
112 180
113 180
114 180
115 180
116 180
117 180
118 180
119 180
120 180
121 180
122 180
123 180
124 233
125 180
126 216
127 278
128 180
129 180
130 234
131 180
132 180
133 180
134 225
135 247
136 180
137 180
138 180
139 180
140 218
141 242
142 240
143 180
144 180
145 180
146 180
147 180
148 180
149 180
150 180
151 180
152 180
153 180
154 180
155 180
156 180
157 180
158 180
159 180
160 180
161 180
162 180
163 180
164 180
165 180
166 180
167 180
168 180
169 180
170 180
171 180
172 180
173 180
174 180
175 180
176 180
177 180
178 180
179 180
180 180
181 180
182 180
183 180
184 210
