0 992
1 129285
2 181039
3 1414060
4 1571855
5 1195369
6 1047026
7 1303649
8 1396794
9 1370543
10 1301670
11 1608025
12 1627503
13 1522475
14 1196681
15 1238468
16 899114
17 588689
18 819348
19 1457313
20 1477623
21 1194138
22 1659460
23 1555545
24 1079955
25 1331429
26 1351476
27 1536011
28 1541578
29 1441311
30 1073281
31 1518747
32 1569752
33 1380528
34 1052363
35 1195591
36 1395059
37 1465185
38 1314989
39 1411720
40 1529962
41 1567093
42 1478852
43 1442794
44 1296569
45 1388328
46 1332912
47 1530623
48 1265151
49 1459725
50 1338437
51 1498412
52 1576977
53 1553417
54 1406129
55 1602968
56 1241598
57 1088979
58 1221714
59 1335339
60 1489980
61 1306493
62 1232403
63 1419921
64 1528379
65 1473756
66 1676457
67 1413611
68 1520279
69 1270488
70 1302688
71 1269218
72 1566580
73 1590822
74 1619383
75 1334724
76 1578566
77 1413835
78 1243310
79 1138841
80 1079131
81 1180716
82 1209847
83 1490571
84 1659027
85 1332658
86 1458958
87 1378476
88 1525040
89 1139896
90 1263443
91 1173987
92 1369541
93 1484641
94 1489167
95 1572431
96 1501309
97 1326700
98 1393490
99 1185299
100 1236349
101 1467156
102 1335514
103 1397642
104 1184050
105 1711403
106 1451661
107 1271754
108 1200842
109 1546219
110 1540444
111 1376091
112 1173769
113 1208699
114 1348200
115 1653097
116 1340505
117 1715417
118 1629229
119 1367731
120 1573717
121 1151501
122 1302962
123 1563489
124 1616693
125 1351840
126 1684243
127 1011093
128 1406642
129 1362632
130 1088927
131 1681211
132 1574039
133 1051775
134 857023
135 1380250
136 1502142
137 1260316
138 1361714
139 1126247
140 1373085
141 1304589
142 1356309
143 1773420
144 1485385
145 1479384
146 1416497
147 1580583
148 1184142
149 1680904
150 1464751
151 1544689
152 1355742
153 1614022
154 1170546
155 1392970
156 1338395
157 1320381
158 1209638
159 1315685
160 1564463
161 1571250
162 1547846
163 1528335
164 1465590
165 1500841
166 1522060
167 1459788
168 1500417
169 1553689
170 1467541
171 1538643
172 1441193
173 1640825
174 1322641
175 1244771
176 1159944
177 692144
178 921092
179 1381191
180 1474801
181 1409845
182 1346172
183 1228751
184 60250
