0
1
1 1937072756
184
1 0.000000 0.000000
1 4.000000 4.000000
1 8.000000 8.000000
1 12.000000 12.000000
1 16.000000 16.000000
1 20.000000 20.000000
1 24.000000 27.000000
1 28.000000 30.800000
1 32.000000 34.500000
1 36.000000 38.000000
1 40.000000 43.000000
1 44.000000 44.000000
1 48.000000 50.000000
1 52.000000 52.000000
1 56.000000 56.000000
1 60.000000 61.000000
1 64.000000 64.000000
1 68.000000 68.000000
1 72.000000 72.000000
1 76.000000 76.000000
1 80.000000 80.000000
1 84.000000 84.000000
1 88.000000 88.000000
1 92.000000 92.000000
1 96.000000 96.000000
1 100.000000 100.000000
1 104.000000 104.000000
1 108.000000 108.000000
1 112.000000 112.000000
1 116.000000 117.000000
1 120.000000 120.000000
1 124.000000 124.000000
1 128.000000 131.000000
1 132.000000 132.000000
1 136.000000 136.000000
1 140.000000 140.000000
1 144.000000 144.000000
1 148.000000 148.000000
1 152.000000 152.000000
1 156.000000 156.000000
1 160.000000 160.000000
1 164.000000 164.000000
1 168.000000 168.000000
1 172.000000 172.000000
1 176.000000 176.000000
1 180.000000 180.000000
1 184.000000 184.000000
1 188.000000 191.000000
1 192.000000 193.000000
1 196.000000 199.000000
1 200.000000 203.500000
1 204.000000 204.000000
1 208.000000 208.000000
1 212.000000 213.000000
1 216.000000 216.000000
1 220.000000 223.000000
1 224.000000 226.000000
1 228.000000 231.000000
1 232.000000 235.000000
1 236.000000 237.000000
1 240.000000 241.500000
1 244.000000 245.000000
1 248.000000 248.000000
1 252.000000 252.000000
1 256.000000 256.000000
1 260.000000 260.000000
1 264.000000 264.000000
1 268.000000 268.000000
1 272.000000 272.000000
1 276.000000 276.000000
1 280.000000 280.000000
1 284.000000 284.000000
1 288.000000 288.000000
1 292.000000 292.000000
1 296.000000 299.000000
1 300.000000 302.500000
1 304.000000 304.000000
1 308.000000 308.000000
1 312.000000 312.000000
1 316.000000 318.000000
1 320.000000 321.000000
1 324.000000 325.000000
1 328.000000 328.000000
1 332.000000 332.000000
1 336.000000 339.000000
1 340.000000 343.000000
1 344.000000 347.000000
1 348.000000 348.000000
1 352.000000 352.000000
1 356.000000 359.500000
1 360.000000 361.000000
1 364.000000 366.500000
1 368.000000 371.500000
1 372.000000 374.000000
1 376.000000 379.000000
1 380.000000 383.000000
1 384.000000 387.000000
1 388.000000 390.500000
1 392.000000 392.000000
1 396.000000 396.000000
1 400.000000 400.000000
1 404.000000 407.000000
1 408.000000 410.000000
1 412.000000 412.000000
1 416.000000 419.000000
1 420.000000 422.000000
1 424.000000 424.000000
1 428.000000 430.000000
1 432.000000 432.000000
1 436.000000 436.000000
1 440.000000 440.000000
1 444.000000 444.000000
1 448.000000 448.000000
1 452.000000 452.000000
1 456.000000 456.000000
1 460.000000 460.000000
1 464.000000 464.000000
1 468.000000 468.000000
1 472.000000 472.000000
1 476.000000 476.000000
1 480.000000 480.000000
1 484.000000 484.000000
1 488.000000 488.000000
1 492.000000 493.000000
1 496.000000 496.000000
1 500.000000 502.000000
1 504.000000 506.000000
1 508.000000 508.000000
1 512.000000 512.000000
1 516.000000 518.000000
1 520.000000 520.000000
1 524.000000 524.000000
1 528.000000 528.000000
1 532.000000 534.000000
1 536.000000 538.000000
1 540.000000 540.000000
1 544.000000 544.000000
1 548.000000 548.000000
1 552.000000 552.000000
1 556.000000 559.000000
1 560.000000 562.000000
1 564.000000 566.000000
1 568.000000 568.000000
1 572.000000 572.000000
1 576.000000 576.000000
1 580.000000 580.000000
1 584.000000 584.000000
1 588.000000 588.000000
1 592.000000 592.000000
1 596.000000 596.000000
1 600.000000 600.000000
1 604.000000 604.000000
1 608.000000 608.000000
1 612.000000 612.000000
1 616.000000 616.000000
1 620.000000 620.000000
1 624.000000 624.000000
1 628.000000 628.000000
1 632.000000 632.000000
1 636.000000 636.000000
1 640.000000 640.000000
1 644.000000 644.000000
1 648.000000 648.000000
1 652.000000 652.000000
1 656.000000 656.000000
1 660.000000 660.000000
1 664.000000 664.000000
1 668.000000 668.000000
1 672.000000 672.000000
1 676.000000 676.000000
1 680.000000 680.000000
1 684.000000 684.000000
1 688.000000 688.000000
1 692.000000 692.000000
1 696.000000 696.000000
1 700.000000 700.000000
1 704.000000 704.000000
1 708.000000 708.000000
1 712.000000 712.000000
1 716.000000 716.000000
1 720.000000 720.000000
1 724.000000 724.000000
1 728.000000 728.000000
1 732.000000 733.000000
