0 1059
1 51080
2 65944
3 214985
4 204918
5 187409
6 204139
7 204786
8 211754
9 198347
10 196428
11 212088
12 207192
13 201459
14 198071
15 215654
16 165044
17 150861
18 186862
19 211562
20 205553
21 186878
22 213060
23 209965
24 196142
25 205556
26 199027
27 213124
28 197962
29 203688
30 192833
31 214118
32 211602
33 199235
34 191094
35 188606
36 216636
37 217137
38 196852
39 200969
40 206178
41 206793
42 199499
43 205091
44 197593
45 212048
46 193590
47 203556
48 206602
49 199619
50 206717
51 211094
52 204373
53 204416
54 199774
55 202612
56 200473
57 200990
58 211350
59 205082
60 201611
61 204960
62 191178
63 204803
64 207456
65 205281
66 205865
67 204344
68 200875
69 205463
70 202722
71 198435
72 205858
73 205908
74 206380
75 192130
76 219209
77 203617
78 171818
79 209718
80 190002
81 184677
82 185344
83 223655
84 224683
85 203156
86 196861
87 190495
88 217615
89 188709
90 198046
91 183447
92 232707
93 214000
94 191650
95 211972
96 204728
97 201364
98 201090
99 171278
100 206806
101 221773
102 197627
103 212091
104 199932
105 225002
106 191038
107 201705
108 197245
109 220052
110 199499
111 204180
112 201411
113 201722
114 207828
115 206205
116 196659
117 209533
118 209484
119 190074
120 215075
121 200527
122 193453
123 213325
124 198826
125 207598
126 209163
127 196506
128 205912
129 204501
130 173873
131 232183
132 201559
133 187034
134 159940
135 201174
136 224829
137 183856
138 204062
139 176106
140 226856
141 185232
142 215754
143 224154
144 202730
145 195950
146 200508
147 240679
148 165356
149 212608
150 204327
151 201063
152 206189
153 202826
154 189768
155 223865
156 196552
157 208212
158 166423
159 221988
160 210230
161 208852
162 198478
163 203855
164 211797
165 200862
166 200348
167 198579
168 202132
169 209444
170 198573
171 207895
172 201181
173 211039
174 197780
175 199915
176 166341
177 170108
178 180195
179 203346
180 199785
181 193738
182 201387
183 151053
184 19790
