0 716
1 447
2 447
3 447
4 447
5 447
6 447
7 1177
8 905
9 814
10 1070
11 1103
12 463
13 805
14 506
15 506
16 803
17 457
18 457
19 457
20 457
21 457
22 457
23 457
24 457
25 457
26 457
27 457
28 457
29 457
30 744
31 447
32 447
33 766
34 479
35 455
36 455
37 455
38 455
39 455
40 455
41 455
42 455
43 455
44 455
45 455
46 455
47 455
48 728
49 751
50 1070
51 1085
52 505
53 468
54 765
55 457
56 733
57 991
58 695
59 975
60 728
61 750
62 774
63 469
64 469
65 469
66 469
67 469
68 469
69 469
70 469
71 469
72 469
73 469
74 437
75 1024
76 747
77 460
78 460
79 460
80 759
81 784
82 788
83 486
84 486
85 798
86 754
87 1080
88 530
89 530
90 738
91 773
92 1092
93 730
94 964
95 700
96 991
97 1018
98 1024
99 461
100 422
101 422
102 701
103 722
104 447
105 719
106 704
107 436
108 756
109 472
110 472
111 472
112 472
113 472
114 472
115 472
116 472
117 472
118 472
119 472
120 472
121 472
122 472
123 472
124 749
125 437
126 707
127 762
128 474
129 474
130 767
131 457
132 457
133 457
134 743
135 756
136 470
137 470
138 470
139 470
140 742
141 717
142 730
143 449
144 449
145 449
146 449
147 449
148 449
149 449
150 449
151 449
152 449
153 449
154 449
155 449
156 449
157 449
158 449
159 449
160 449
161 449
162 449
163 449
164 449
165 449
166 449
167 449
168 449
169 449
170 449
171 449
172 449
173 449
174 449
175 449
176 449
177 449
178 449
179 449
180 449
181 449
182 449
183 449
184 707
