0
1
1 1936684398
303
1 0.000000 1.793979
0 1.836646 3.756646
0 3.799312 5.719313
0 5.761979 7.681979
0 7.724646 9.644646
0 9.687312 11.607312
0 11.649979 13.569979
0 13.612646 15.532646
0 15.575313 17.495312
0 17.537979 19.457979
0 19.500646 21.420646
0 21.463313 23.383313
0 23.425979 25.345979
0 25.388646 27.308646
0 27.351312 29.271312
0 29.313979 31.233979
0 31.276646 33.196646
0 33.239313 35.159312
0 35.201979 37.121979
0 37.164646 39.084646
0 39.127312 41.047313
0 41.089979 43.009979
0 43.052646 44.972646
0 45.015312 46.935313
0 46.977979 48.897979
0 48.940646 50.860646
0 50.903313 52.823312
0 52.865979 54.785979
0 54.828646 56.748646
0 56.791312 58.711313
0 58.753979 60.673979
0 60.716646 62.636646
0 62.679312 64.599312
0 64.641979 66.561979
0 66.604646 68.524646
0 68.567312 70.487313
0 70.529979 72.449979
0 72.492646 74.412646
0 74.455313 76.375313
0 76.417979 78.337979
0 78.380646 80.300646
0 80.343312 82.263312
0 82.305979 84.225979
0 84.268646 86.188646
0 86.231312 88.151313
0 88.193979 90.113979
0 90.156646 92.076646
0 92.119313 94.039313
0 94.081979 96.001979
0 96.044646 97.964646
0 98.007312 99.927312
0 99.969979 101.889979
0 101.932646 103.852646
0 103.895312 105.815313
0 105.857979 107.777979
0 107.820646 109.740646
0 109.783313 111.703313
0 111.745979 113.665979
0 113.708646 115.628646
0 115.671312 117.591312
0 117.633979 119.553979
0 119.596646 121.516646
0 121.559312 123.479313
0 123.521979 125.441979
0 125.484646 127.404646
0 127.447313 129.367313
0 129.409979 131.329979
0 131.372646 133.292646
0 133.335312 135.255312
0 135.297979 137.217979
0 137.260646 139.180646
0 139.223312 141.143312
0 141.185979 143.105979
0 143.148646 145.068646
0 145.111312 147.031312
0 147.073979 148.993979
0 149.036646 150.956646
0 150.999313 152.919313
0 152.961979 154.881979
0 154.924646 156.844646
0 156.887313 158.807313
0 158.849979 160.769979
0 160.812646 162.732646
0 162.775313 164.695312
0 164.737979 166.657979
0 166.700646 168.620646
0 168.663312 170.583312
0 170.625979 172.545979
0 172.588646 174.508646
0 174.551312 176.471312
0 176.513979 178.433979
0 178.476646 180.396646
0 180.439312 182.359313
0 182.401979 184.321979
0 184.364646 186.284646
0 186.327313 188.247313
0 188.289979 190.209979
0 190.252646 192.172646
0 192.215313 194.135313
0 194.177979 196.097979
0 196.140646 198.060646
0 198.103313 200.023312
0 200.065979 201.985979
0 202.028646 203.948646
0 203.991312 205.911312
0 205.953979 207.873979
0 207.916646 209.836646
0 209.879312 211.799312
0 211.841979 213.761979
0 213.804646 215.724646
0 215.767312 217.687313
0 217.729979 219.649979
0 219.692646 221.612646
0 221.655313 223.575313
0 223.617979 225.537979
0 225.580646 227.500646
0 227.543313 229.463313
0 229.505979 231.425979
0 231.468646 233.388646
0 233.431313 235.351312
0 235.393979 237.313979
0 237.356646 239.276646
0 239.319312 241.239312
0 241.281979 243.201979
0 243.244646 245.164646
0 245.207312 247.127312
0 247.169979 249.089979
0 249.132646 251.052646
0 251.095312 253.015313
0 253.057979 254.977979
0 255.020646 256.940646
0 256.983313 258.903312
0 258.945979 260.865979
0 260.908646 262.828646
0 262.871312 264.791313
0 264.833979 266.753979
0 266.796646 268.716646
0 268.759313 270.679313
0 270.721979 272.641979
0 272.684646 274.604646
0 274.647313 276.567312
0 276.609979 278.529979
0 278.572646 280.492646
0 280.535312 282.455313
0 282.497979 284.417979
0 284.460646 286.380646
0 286.423313 288.343312
0 288.385979 290.305979
0 290.348646 292.268646
0 292.311312 294.231313
0 294.273979 296.193979
0 296.236646 298.156646
0 298.199313 300.119312
0 300.161979 302.081979
0 302.124646 304.044646
0 304.087312 306.007312
0 306.049979 307.969979
0 308.012646 309.932646
0 309.975312 311.895313
0 311.937979 313.857979
0 313.900646 315.820646
0 315.863313 317.783312
0 317.825979 319.745979
0 319.788646 321.708646
0 321.751312 323.671313
0 323.713979 325.633979
0 325.676646 327.596646
0 327.639313 329.559312
0 329.601979 331.521979
0 331.564646 333.484646
0 333.527312 335.447313
0 335.489979 337.409979
0 337.452646 339.372646
0 339.415313 341.335313
0 341.377979 343.297979
0 343.340646 345.260646
0 345.303313 347.223312
0 347.265979 349.185979
0 349.228646 351.148646
0 351.191312 353.111313
0 353.153979 355.073979
0 355.116646 357.036646
0 357.079313 358.999312
0 359.041979 360.961979
0 361.004646 362.924646
0 362.967312 364.887313
0 364.929979 366.849979
0 366.892646 368.812646
0 368.855313 370.775312
0 370.817979 372.737979
0 372.780646 374.700646
0 374.743312 376.663312
0 376.705979 378.625979
0 378.668646 380.588646
0 380.631312 382.551313
0 382.593979 384.513979
0 384.556646 386.476646
0 386.519313 388.439312
0 388.481979 390.401979
0 390.444646 392.364646
0 392.407312 394.327313
0 394.369979 396.289979
0 396.332646 398.252646
0 398.295313 400.215312
0 400.257979 402.177979
0 402.220646 404.140646
0 404.183312 406.103313
0 406.145979 408.065979
0 408.108646 410.028646
0 410.071313 411.991313
0 412.033979 413.953979
0 413.996646 415.916646
0 415.959313 417.879312
0 417.921979 419.841979
0 419.884646 421.804646
0 421.847312 423.767313
0 423.809979 425.729979
0 425.772646 427.692646
0 427.735313 429.655312
0 429.697979 431.617979
0 431.660646 433.580646
0 433.623312 435.543313
0 435.585979 437.505979
0 437.548646 439.468646
0 439.511313 441.431312
0 441.473979 443.393979
0 443.436646 445.356646
0 445.399312 447.319312
0 447.361979 449.281979
0 449.324646 451.244646
0 451.287312 453.207313
0 453.249979 455.169979
0 455.212646 457.132646
0 457.175313 459.095312
0 459.137979 461.057979
0 461.100646 463.020646
0 463.063312 464.983313
0 465.025979 466.945979
0 466.988646 468.908646
0 468.951313 470.871312
0 470.913979 472.833979
0 472.876646 474.796646
0 474.839312 476.759313
0 476.801979 478.721979
0 478.764646 480.684646
0 480.727313 482.647313
0 482.689979 484.609979
0 484.652646 486.572646
0 486.615313 488.535312
0 488.577979 490.497979
0 490.540646 492.460646
0 492.503312 494.423313
0 494.465979 496.385979
0 496.428646 498.348646
0 498.391313 500.311312
0 500.353979 502.273979
0 502.316646 504.236646
0 504.279312 506.199313
0 506.241979 508.161979
0 508.204646 510.124646
0 510.167313 512.087313
0 512.129979 514.049979
0 514.092646 516.012646
0 516.055312 517.975313
0 518.017979 519.937979
0 519.980646 521.900646
0 521.943312 523.863312
0 523.905979 525.825979
0 525.868646 527.788646
0 527.831313 529.751312
0 529.793979 531.713979
0 531.756646 533.676646
0 533.719313 535.639313
0 535.681979 537.601979
0 537.644646 539.564646
0 539.607312 541.527313
0 541.569979 543.489979
0 543.532646 545.452646
0 545.495312 547.415312
0 547.457979 549.377979
0 549.420646 551.340646
0 551.383313 553.303312
0 553.345979 555.265979
0 555.308646 557.228646
0 557.271313 559.191312
0 559.233979 561.153979
0 561.196646 563.116646
0 563.159313 565.079313
0 565.121979 567.041979
0 567.084646 569.004646
0 569.047312 570.967313
0 571.009979 572.929979
0 572.972646 574.892646
0 574.935312 576.855312
0 576.897979 578.817979
0 578.860646 580.780646
0 580.823313 582.743312
0 582.785979 584.705979
0 584.748646 586.668646
0 586.711313 588.631312
0 588.673979 590.593979
0 590.636646 592.556646
0 592.599313 593.964646
